t	X	Y
s	m	m
 0,000	 0,000	 0,000
 0,005	 0,000	 0,000
 0,010	 0,000	 0,000
 0,015	 0,000	 0,000
 0,020	 0,000	 0,000
 0,025	 0,000	 0,000
 0,030	 0,000	 0,000
 0,036	 0,000	 0,000
 0,041	 0,000	 0,000
 0,046	 0,000	 0,000
 0,051	 0,000	 0,000
 0,056	 0,000	 0,000
 0,061	 0,000	 0,000
 0,066	 0,000	 0,000
 0,071	 0,000	 0,000
 0,076	 0,000	 0,000
 0,081	 0,000	 0,000
 0,086	 0,000	 0,000
 0,091	 0,000	 0,000
 0,096	 0,000	 0,000
 0,102	 0,000	 0,000
 0,107	 0,000	 0,000
 0,112	 0,000	 0,000
 0,117	 0,000	 0,000
 0,122	 0,000	 0,000
 0,127	 0,000	 0,000
 0,132	 0,000	 0,000
 0,137	 0,000	 0,000
 0,142	 0,000	 0,000
 0,147	 0,000	 0,000
 0,152	 0,000	 0,000
 0,157	 0,000	 0,000
 0,162	 0,000	 0,000
 0,168	 0,000	 0,000
 0,173	 0,000	 0,000
 0,178	 0,000	 0,000
 0,183	 0,000	 0,000
 0,188	 0,000	 0,000
 0,193	 0,000	 0,000
 0,198	 0,000	 0,000
 0,203	 0,000	 0,000
 0,208	 0,000	 0,000
 0,213	 0,000	 0,000
 0,218	 0,000	 0,000
 0,223	 0,000	 0,000
 0,229	 0,000	 0,000
 0,234	 0,000	 0,000
 0,239	 0,000	 0,000
 0,244	 0,000	 0,000
 0,249	 0,000	 0,000
 0,254	 0,000	 0,000
 0,259	 0,000	 0,000
 0,264	 0,000	 0,000
 0,269	 0,000	 0,000
 0,274	 0,000	 0,000
 0,279	 0,000	 0,000
 0,284	 0,000	 0,000
 0,289	 0,000	 0,000
 0,295	 0,000	 0,000
 0,300	 0,000	 0,000
 0,305	 0,000	 0,000
 0,310	 0,000	 0,000
 0,315	 0,000	 0,000
 0,320	 0,000	 0,000
 0,325	 0,000	 0,000
 0,330	 0,000	 0,000
 0,335	 0,000	 0,000
 0,340	 0,000	 0,000
 0,345	 0,000	 0,000
 0,350	 0,000	 0,000
 0,355	 0,000	 0,000
 0,361	 0,000	 0,000
 0,366	 0,000	 0,000
 0,371	 0,000	 0,000
 0,376	 0,000	 0,000
 0,381	 0,000	 0,000
 0,386	 0,000	 0,000
 0,391	 0,000	 0,000
 0,396	 0,000	 0,000
 0,401	 0,000	 0,000
 0,406	 0,000	 0,000
 0,411	 0,000	 0,000
 0,416	 0,000	 0,000
 0,421	 0,000	 0,000
 0,427	 0,000	 0,000
 0,432	 0,000	 0,000
 0,437	 0,000	 0,000
 0,442	 0,000	 0,000
 0,447	 0,000	 0,000
 0,452	 0,000	 0,000
 0,457	 0,000	 0,000
 0,462	 0,000	 0,000
 0,467	 0,000	 0,000
 0,472	 0,000	 0,000
 0,477	 0,000	 0,000
 0,482	 0,000	 0,000
 0,487	 0,000	 0,000
 0,493	 0,000	 0,000
 0,498	 0,000	 0,000
 0,503	 0,000	 0,000
 0,508	 0,000	 0,000
 0,513	 0,000	 0,000
 0,518	 0,000	 0,000
 0,523	 0,000	 0,000
 0,528	 0,000	 0,000
 0,533	 0,000	 0,000
 0,538	 0,000	 0,000
 0,543	 0,000	 0,000
 0,548	 0,000	 0,000
 0,554	 0,000	 0,000
 0,559	 0,000	 0,000
 0,564	 0,000	 0,000
 0,569	 0,000	 0,000
 0,574	 0,000	 0,000
 0,579	 0,000	 0,000
 0,584	 0,000	 0,000
 0,589	 0,000	 0,000
 0,594	 0,000	 0,000
 0,599	 0,000	 0,000
 0,604	 0,000	 0,000
 0,609	 0,000	 0,000
 0,614	 0,000	 0,000
 0,620	 0,000	 0,000
 0,625	 0,000	 0,000
 0,630	 0,000	 0,000
 0,635	 0,000	 0,000
 0,640	 0,000	 0,000
 0,645	 0,000	 0,000
 0,650	 0,000	 0,000
 0,655	 0,000	 0,000
 0,660	 0,000	 0,000
 0,665	 0,000	 0,000
 0,670	 0,000	 0,000
 0,675	 0,000	 0,000
 0,680	 0,000	 0,000
 0,686	 0,000	 0,000
 0,691	 0,000	 0,000
 0,696	 0,000	 0,000
 0,701	 0,000	 0,000
 0,706	 0,000	 0,000
 0,711	 0,000	 0,000
 0,716	 0,000	 0,000
 0,721	 0,000	 0,000
 0,726	 0,000	 0,000
 0,731	 0,000	 0,000
 0,736	 0,000	 0,000
 0,741	 0,000	 0,000
 0,746	 0,000	 0,000
 0,752	 0,000	-0,000
 0,757	 0,000	 0,000
 0,762	 0,000	 0,000
 0,767	 0,000	 0,000
 0,772	 0,000	 0,000
 0,777	 0,000	 0,000
 0,782	 0,000	 0,000
 0,787	 0,000	 0,000
 0,792	 0,000	 0,000
 0,797	 0,000	 0,000
 0,802	 0,000	 0,000
 0,807	 0,000	 0,000
 0,812	 0,000	 0,000
 0,818	 0,000	 0,000
 0,823	 0,000	 0,000
 0,828	 0,000	 0,000
 0,833	 0,000	 0,000
 0,838	 0,000	 0,000
 0,843	 0,000	 0,000
 0,848	 0,000	 0,000
 0,853	 0,000	 0,000
 0,858	 0,000	 0,000
 0,863	 0,000	 0,000
 0,868	 0,000	 0,000
 0,873	 0,000	 0,000
 0,878	 0,000	 0,000
 0,884	 0,000	 0,000
 0,889	 0,000	-0,000
 0,894	 0,000	-0,000
 0,899	 0,000	 0,000
 0,904	 0,000	-0,000
 0,909	 0,000	-0,000
 0,914	 0,000	-0,000
 0,919	 0,000	-0,000
 0,924	 0,000	-0,000
 0,929	 0,000	-0,000
 0,934	 0,000	-0,000
 0,939	 0,000	-0,000
 0,945	 0,000	-0,000
 0,950	 0,000	-0,000
 0,955	 0,000	-0,000
 0,960	 0,000	-0,000
 0,965	 0,000	-0,000
 0,970	 0,000	-0,000
 0,975	 0,000	-0,000
 0,980	 0,000	-0,000
 0,985	 0,000	-0,000
 0,990	 0,000	-0,000
 0,995	 0,000	-0,000
 1,000	 0,000	-0,000
 1,005	 0,000	-0,000
 1,011	 0,000	-0,000
 1,016	 0,000	-0,000
 1,021	 0,000	-0,000
 1,026	 0,000	-0,000
 1,031	 0,000	-0,000
 1,036	 0,000	-0,000
 1,041	 0,000	-0,000
 1,046	 0,000	-0,000
 1,051	 0,000	-0,000
 1,056	 0,000	-0,000
 1,061	 0,000	-0,000
 1,066	 0,000	-0,000
 1,071	 0,000	-0,000
 1,077	 0,000	-0,000
 1,082	 0,000	-0,000
 1,087	 0,000	-0,000
 1,092	 0,000	-0,000
 1,097	 0,000	 0,000
 1,102	 0,000	 0,000
 1,107	 0,000	 0,000
 1,112	 0,000	 0,000
 1,117	 0,000	 0,000
 1,122	 0,000	 0,000
 1,127	 0,000	 0,000
 1,132	 0,000	-0,000
 1,137	 0,000	-0,000
 1,143	 0,000	 0,000
 1,148	 0,000	-0,000
 1,153	 0,000	 0,000
 1,158	 0,000	 0,000
 1,163	 0,000	 0,000
 1,168	 0,000	-0,000
 1,173	 0,000	 0,000
 1,178	 0,000	 0,000
 1,183	 0,000	 0,000
 1,188	 0,000	 0,000
 1,193	 0,000	 0,000
 1,198	 0,000	 0,000
 1,203	 0,000	 0,000
 1,209	 0,000	 0,000
 1,214	 0,000	-0,000
 1,219	 0,000	 0,000
 1,224	 0,000	 0,000
 1,229	 0,000	 0,000
 1,234	 0,000	 0,000
 1,239	 0,000	 0,000
 1,244	 0,000	 0,000
 1,249	 0,000	-0,000
 1,254	 0,000	 0,000
 1,259	 0,000	 0,000
 1,264	 0,000	 0,000
 1,270	 0,000	 0,000
 1,275	 0,000	-0,000
 1,280	 0,000	 0,000
 1,285	 0,000	 0,000
 1,290	 0,000	 0,000
 1,295	 0,000	 0,000
 1,300	 0,000	 0,000
 1,305	 0,000	 0,000
 1,310	 0,000	 0,000
 1,315	 0,000	-0,000
 1,320	 0,000	 0,000
 1,325	 0,000	 0,000
 1,330	 0,000	 0,000
 1,336	 0,000	-0,000
 1,341	 0,000	 0,000
 1,346	 0,000	-0,000
 1,351	 0,000	 0,000
 1,356	 0,000	 0,000
 1,361	 0,000	 0,000
 1,366	 0,000	 0,000
 1,371	 0,000	 0,000
 1,376	 0,000	 0,000
 1,381	 0,000	 0,000
 1,386	 0,000	 0,000
 1,391	 0,000	 0,000
 1,396	 0,000	 0,000
 1,402	 0,000	 0,000
 1,407	 0,000	 0,000
 1,412	 0,000	 0,000
 1,417	 0,000	 0,000
 1,422	 0,000	 0,000
 1,427	 0,000	 0,000
 1,432	 0,000	 0,000
 1,437	 0,000	 0,000
 1,442	 0,000	 0,000
 1,447	 0,000	 0,000
 1,452	 0,000	 0,000
 1,457	 0,000	 0,000
 1,462	 0,000	 0,000
 1,468	 0,000	 0,000
 1,473	 0,000	 0,000
 1,478	 0,000	 0,000
 1,483	 0,000	 0,000
 1,488	 0,000	 0,000
 1,493	 0,000	 0,000
 1,498	 0,000	 0,000
 1,503	 0,000	 0,000
 1,508	 0,000	 0,000
 1,513	 0,000	 0,000
 1,518	 0,000	 0,000
 1,523	 0,000	 0,000
 1,528	 0,000	 0,000
 1,534	 0,000	 0,000
 1,539	 0,000	 0,000
 1,544	 0,000	 0,000
 1,549	 0,000	 0,000
 1,554	 0,000	 0,000
 1,559	 0,000	 0,000
 1,564	 0,000	 0,000
 1,569	 0,000	 0,000
 1,574	 0,000	 0,000
 1,579	 0,000	 0,000
 1,584	 0,000	 0,000
 1,589	 0,000	 0,000
 1,594	 0,000	 0,000
 1,600	 0,000	 0,000
 1,605	 0,000	 0,001
 1,610	 0,000	 0,001
 1,615	 0,000	 0,001
 1,620	 0,001	 0,001
 1,625	 0,001	 0,001
 1,630	 0,001	 0,001
 1,635	 0,001	 0,001
 1,640	 0,001	 0,001
 1,645	 0,001	 0,001
 1,650	 0,001	 0,001
 1,655	 0,001	 0,001
 1,661	 0,000	 0,001
 1,666	 0,001	 0,001
 1,671	 0,001	 0,001
 1,676	 0,001	 0,001
 1,681	 0,001	 0,001
 1,686	 0,001	 0,001
 1,691	 0,001	 0,001
 1,696	 0,001	 0,001
 1,701	 0,001	 0,001
 1,706	 0,001	 0,001
 1,711	 0,001	 0,002
 1,716	 0,001	 0,001
 1,721	 0,001	 0,002
 1,727	 0,001	 0,002
 1,732	 0,001	 0,002
 1,737	 0,001	 0,002
 1,742	 0,001	 0,002
 1,747	 0,001	 0,002
 1,752	 0,001	 0,002
 1,757	 0,001	 0,002
 1,762	 0,001	 0,002
 1,767	 0,002	 0,003
 1,772	 0,002	 0,003
 1,777	 0,002	 0,003
 1,782	 0,002	 0,003
 1,787	 0,002	 0,003
 1,793	 0,002	 0,003
 1,798	 0,002	 0,003
 1,803	 0,002	 0,003
 1,808	 0,002	 0,004
 1,813	 0,002	 0,004
 1,818	 0,002	 0,004
 1,823	 0,003	 0,004
 1,828	 0,003	 0,005
 1,833	 0,003	 0,005
 1,838	 0,003	 0,005
 1,843	 0,003	 0,005
 1,848	 0,003	 0,005
 1,853	 0,003	 0,005
 1,859	 0,003	 0,006
 1,864	 0,003	 0,006
 1,869	 0,003	 0,006
 1,874	 0,003	 0,006
 1,879	 0,003	 0,007
 1,884	 0,003	 0,007
 1,889	 0,003	 0,007
 1,894	 0,003	 0,007
 1,899	 0,003	 0,008
 1,904	 0,003	 0,008
 1,909	 0,004	 0,008
 1,914	 0,003	 0,008
 1,919	 0,004	 0,009
 1,925	 0,004	 0,009
 1,930	 0,004	 0,009
 1,935	 0,004	 0,009
 1,940	 0,003	 0,009
 1,945	 0,004	 0,010
 1,950	 0,003	 0,010
 1,955	 0,004	 0,010
 1,960	 0,004	 0,010
 1,965	 0,003	 0,010
 1,970	 0,003	 0,010
 1,975	 0,003	 0,010
 1,980	 0,003	 0,010
 1,986	 0,003	 0,011
 1,991	 0,003	 0,011
 1,996	 0,003	 0,012
 2,001	 0,002	 0,012
 2,006	 0,002	 0,013
 2,011	 0,002	 0,013
 2,016	 0,002	 0,013
 2,026	 0,001	 0,013
 2,031	 0,001	 0,013
 2,036	 0,001	 0,014
 2,041	-0,000	 0,015
 2,046	-0,001	 0,015
 2,052	-0,001	 0,014
 2,057	-0,001	 0,014
 2,062	-0,002	 0,013
 2,067	-0,002	 0,013
 2,072	-0,002	 0,012
 2,077	-0,003	 0,012
 2,082	-0,003	 0,012
 2,087	-0,003	 0,012
 2,092	-0,003	 0,012
 2,097	-0,004	 0,012
 2,102	-0,004	 0,012
 2,107	-0,004	 0,012
 2,112	-0,004	 0,012
 2,118	-0,005	 0,011
 2,123	-0,005	 0,011
 2,128	-0,005	 0,010
 2,133	-0,005	 0,010
 2,138	-0,005	 0,010
 2,143	-0,005	 0,010
 2,148	-0,005	 0,010
 2,153	-0,005	 0,009
 2,158	-0,005	 0,009
 2,163	-0,005	 0,008
 2,168	-0,005	 0,008
 2,173	-0,005	 0,008
 2,178	-0,005	 0,008
 2,184	-0,005	 0,007
 2,189	-0,005	 0,007
 2,194	-0,004	 0,007
 2,199	-0,004	 0,006
 2,204	-0,004	 0,006
 2,209	-0,004	 0,006
 2,214	-0,004	 0,006
 2,219	-0,004	 0,005
 2,224	-0,004	 0,005
 2,229	-0,003	 0,005
 2,234	-0,003	 0,004
 2,239	-0,003	 0,004
 2,244	-0,003	 0,004
 2,250	-0,003	 0,004
 2,255	-0,003	 0,004
 2,260	-0,002	 0,004
 2,265	-0,002	 0,004
 2,270	-0,002	 0,004
 2,275	-0,002	 0,004
 2,280	-0,002	 0,004
 2,285	-0,002	 0,004
 2,290	-0,002	 0,003
 2,295	-0,002	 0,003
 2,300	-0,002	 0,003
 2,305	-0,002	 0,003
 2,311	-0,002	 0,003
 2,316	-0,001	 0,003
 2,321	-0,001	 0,003
 2,326	-0,001	 0,003
 2,331	-0,001	 0,003
 2,336	-0,001	 0,003
 2,341	-0,001	 0,003
 2,346	-0,001	 0,003
 2,351	-0,001	 0,003
 2,356	-0,001	 0,003
 2,361	-0,001	 0,003
 2,366	-0,001	 0,003
 2,371	-0,001	 0,003
 2,377	-0,001	 0,003
 2,382	-0,001	 0,003
 2,387	-0,001	 0,003
 2,392	-0,001	 0,003
 2,397	-0,001	 0,003
 2,402	-0,001	 0,002
 2,407	-0,001	 0,003
 2,412	-0,001	 0,002
 2,417	-0,001	 0,002
 2,422	-0,001	 0,002
 2,427	-0,001	 0,002
 2,432	-0,001	 0,002
 2,437	-0,001	 0,002
 2,443	-0,000	 0,003
 2,448	-0,000	 0,003
 2,453	-0,000	 0,003
 2,458	-0,000	 0,003
 2,463	-0,000	 0,003
 2,468	-0,000	 0,004
 2,473	-0,000	 0,004
 2,478	-0,000	 0,004
 2,483	-0,000	 0,004
 2,488	-0,000	 0,005
 2,493	-0,000	 0,005
 2,498	-0,000	 0,005
 2,503	-0,000	 0,005
 2,509	-0,001	 0,005
 2,514	-0,001	 0,005
 2,519	-0,001	 0,006
 2,524	-0,001	 0,006
 2,529	-0,001	 0,006
 2,534	-0,001	 0,006
 2,539	-0,001	 0,006
 2,544	-0,001	 0,006
 2,549	-0,001	 0,006
 2,554	-0,001	 0,006
 2,559	-0,001	 0,007
 2,564	-0,001	 0,007
 2,569	-0,001	 0,007
 2,575	-0,001	 0,007
 2,580	-0,001	 0,007
 2,585	-0,001	 0,007
 2,590	-0,001	 0,008
 2,595	-0,001	 0,008
 2,600	-0,001	 0,008
 2,605	-0,001	 0,008
 2,610	-0,001	 0,009
 2,615	-0,002	 0,009
 2,620	-0,002	 0,010
 2,625	-0,002	 0,010
 2,630	-0,002	 0,010
 2,635	-0,002	 0,011
 2,641	-0,002	 0,011
 2,646	-0,002	 0,012
 2,651	-0,002	 0,012
 2,656	-0,002	 0,013
 2,661	-0,002	 0,014
 2,666	-0,002	 0,014
 2,671	-0,002	 0,015
 2,676	-0,003	 0,015
 2,686	-0,003	 0,017
 2,696	-0,003	 0,020
 2,707	-0,003	 0,022
 2,717	-0,003	 0,018
 2,722	-0,003	 0,019
 2,727	-0,003	 0,017
 2,732	-0,003	 0,016
 2,737	-0,003	 0,015
 2,742	-0,002	 0,016
 2,747	-0,002	 0,016
 2,752	-0,002	 0,014
 2,757	-0,002	 0,014
 2,762	-0,002	 0,015
 2,768	-0,001	 0,016
 2,773	-0,002	 0,016
 2,778	-0,002	 0,016
 2,788	-0,002	 0,018
 2,793	-0,001	 0,020
 2,798	-0,001	 0,020
 2,803	-0,000	 0,020
 2,808	-0,000	 0,019
 2,823	-0,000	 0,019
 2,844	 0,001	 0,020
 2,849	 0,001	 0,021
 2,854	 0,001	 0,022
 2,859	 0,001	 0,023
 2,864	 0,001	 0,023
 2,869	 0,001	 0,024
 2,874	 0,002	 0,024
 2,879	 0,002	 0,022
 2,884	 0,002	 0,021
 2,889	 0,002	 0,020
 2,894	 0,002	 0,019
 2,900	 0,003	 0,018
 2,905	 0,003	 0,018
 2,910	 0,003	 0,016
 2,915	 0,002	 0,016
 2,920	 0,002	 0,016
 2,925	 0,002	 0,015
 2,930	 0,002	 0,015
 2,935	 0,002	 0,015
 2,940	 0,002	 0,015
 2,945	 0,002	 0,015
 2,950	 0,002	 0,014
 2,955	 0,002	 0,014
 2,960	 0,002	 0,013
 2,966	 0,001	 0,012
 2,971	 0,001	 0,012
 2,976	 0,001	 0,011
 2,981	 0,001	 0,010
 2,986	 0,001	 0,010
 2,991	 0,001	 0,009
 3,001	 0,001	 0,008
 3,006	 0,001	 0,007
 3,011	 0,001	 0,007
 3,027	 0,000	 0,006
 3,032	 0,000	 0,007
 3,037	 0,000	 0,007
 3,042	 0,000	 0,007
 3,047	-0,000	 0,007
 3,052	-0,000	 0,008
 3,057	-0,001	 0,008
 3,062	-0,001	 0,008
 3,067	-0,001	 0,008
 3,072	-0,001	 0,008
 3,077	-0,001	 0,008
 3,082	-0,001	 0,008
 3,087	-0,001	 0,008
 3,093	-0,001	 0,007
 3,098	-0,001	 0,007
 3,103	-0,001	 0,007
 3,108	-0,001	 0,007
 3,113	-0,001	 0,006
 3,118	-0,001	 0,006
 3,123	-0,001	 0,006
 3,128	-0,001	 0,006
 3,133	-0,001	 0,006
 3,138	-0,001	 0,006
 3,143	-0,001	 0,005
 3,148	-0,001	 0,005
 3,153	-0,001	 0,005
 3,159	-0,001	 0,004
 3,164	-0,001	 0,003
 3,169	-0,001	 0,003
 3,174	-0,001	 0,003
 3,179	-0,001	 0,002
 3,184	-0,001	 0,002
 3,189	-0,001	 0,001
 3,194	-0,001	 0,001
 3,214	-0,001	 0,002
 3,225	-0,001	 0,002
 3,230	-0,001	 0,003
 3,235	-0,001	 0,003
 3,240	-0,001	 0,003
 3,245	-0,001	 0,004
 3,250	-0,001	 0,004
 3,255	-0,001	 0,004
 3,260	-0,001	 0,004
 3,265	-0,001	 0,004
 3,270	-0,001	 0,005
 3,275	-0,001	 0,005
 3,280	-0,001	 0,005
 3,285	-0,001	 0,005
 3,291	-0,001	 0,004
 3,296	-0,001	 0,004
 3,301	-0,001	 0,004
 3,306	-0,001	 0,004
 3,311	-0,001	 0,004
 3,316	-0,001	 0,004
 3,321	-0,001	 0,004
 3,326	-0,001	 0,004
 3,331	-0,001	 0,004
 3,336	-0,001	 0,004
 3,341	-0,001	 0,004
 3,346	-0,001	 0,004
 3,351	-0,001	 0,004
 3,357	-0,001	 0,005
 3,362	-0,001	 0,005
 3,367	-0,001	 0,005
 3,372	-0,001	 0,005
 3,377	-0,001	 0,005
 3,382	-0,001	 0,005
 3,387	-0,001	 0,005
 3,392	-0,001	 0,005
 3,397	-0,002	 0,005
 3,402	-0,002	 0,005
 3,407	-0,002	 0,005
 3,412	-0,002	 0,005
 3,418	-0,002	 0,005
 3,423	-0,002	 0,005
 3,428	-0,002	 0,006
 3,433	-0,002	 0,006
 3,438	-0,002	 0,006
 3,443	-0,002	 0,006
 3,448	-0,002	 0,006
 3,453	-0,001	 0,007
 3,458	-0,002	 0,007
 3,463	-0,002	 0,008
 3,468	-0,002	 0,008
 3,473	-0,002	 0,008
 3,478	-0,002	 0,008
 3,484	-0,002	 0,009
 3,489	-0,002	 0,009
 3,494	-0,002	 0,009
 3,499	-0,001	 0,009
 3,504	-0,001	 0,009
 3,509	-0,001	 0,009
 3,514	-0,001	 0,010
 3,519	-0,001	 0,010
 3,524	-0,001	 0,010
 3,529	-0,001	 0,010
 3,534	-0,001	 0,010
 3,539	-0,001	 0,010
 3,544	-0,001	 0,010
 3,550	-0,001	 0,010
 3,555	-0,001	 0,009
 3,560	-0,001	 0,009
 3,565	-0,001	 0,008
 3,570	-0,001	 0,008
 3,575	-0,001	 0,008
 3,580	-0,001	 0,007
 3,585	-0,001	 0,007
 3,590	-0,001	 0,007
 3,595	-0,001	 0,007
 3,600	-0,001	 0,007
 3,605	-0,001	 0,006
 3,610	-0,000	 0,007
 3,616	-0,000	 0,007
 3,621	-0,000	 0,007
 3,626	-0,000	 0,008
 3,631	-0,000	 0,008
 3,636	-0,000	 0,008
 3,641	-0,000	 0,009
 3,646	-0,000	 0,009
 3,651	-0,000	 0,010
 3,656	-0,000	 0,010
 3,661	-0,000	 0,010
 3,666	-0,000	 0,010
 3,671	 0,000	 0,010
 3,676	 0,000	 0,010
 3,682	 0,000	 0,010
 3,687	 0,001	 0,010
 3,692	 0,001	 0,010
 3,697	 0,001	 0,009
 3,702	 0,001	 0,009
 3,707	 0,001	 0,009
 3,712	 0,001	 0,009
 3,717	 0,001	 0,008
 3,722	 0,001	 0,007
 3,727	 0,001	 0,008
 3,732	 0,001	 0,007
 3,737	 0,001	 0,006
 3,743	 0,001	 0,006
 3,748	 0,001	 0,006
 3,758	 0,001	 0,006
 3,768	 0,001	 0,005
 3,773	 0,002	 0,005
 3,778	 0,002	 0,005
 3,783	 0,001	 0,005
 3,788	 0,001	 0,005
 3,793	 0,001	 0,005
 3,798	 0,001	 0,005
 3,803	 0,001	 0,005
 3,809	 0,001	 0,005
 3,814	 0,001	 0,005
 3,819	 0,001	 0,005
 3,824	 0,001	 0,005
 3,829	 0,000	 0,005
 3,834	 0,000	 0,005
 3,839	 0,000	 0,005
 3,844	 0,000	 0,005
 3,849	 0,001	 0,005
 3,854	 0,000	 0,005
 3,859	 0,001	 0,005
 3,864	 0,001	 0,005
 3,869	 0,001	 0,005
 3,875	 0,001	 0,005
 3,880	 0,001	 0,005
 3,885	 0,001	 0,005
 3,890	 0,001	 0,005
 3,895	 0,001	 0,005
 3,900	 0,001	 0,004
 3,905	 0,001	 0,004
 3,910	 0,001	 0,004
 3,915	 0,001	 0,004
 3,920	 0,001	 0,004
 3,925	 0,001	 0,004
 3,930	 0,001	 0,004
 3,935	 0,001	 0,003
 3,941	 0,001	 0,003
 3,946	 0,001	 0,003
 3,951	 0,001	 0,003
 3,956	 0,001	 0,003
 3,961	 0,001	 0,003
 3,966	 0,001	 0,003
 3,971	 0,001	 0,002
 3,976	 0,000	 0,002
 3,981	 0,000	 0,002
 3,986	 0,000	 0,002
 3,991	 0,000	 0,002
 3,996	 0,000	 0,002
 4,001	 0,000	 0,002
 4,007	 0,000	 0,002
 4,012	 0,000	 0,002
 4,017	 0,000	 0,002
 4,022	 0,000	 0,002
 4,027	 0,001	 0,002
 4,032	 0,001	 0,002
 4,037	 0,001	 0,002
 4,042	 0,001	 0,002
 4,047	 0,001	 0,002
 4,052	 0,001	 0,002
 4,057	 0,001	 0,002
 4,062	 0,001	 0,002
 4,067	 0,000	 0,002
 4,073	 0,000	 0,002
 4,078	 0,000	 0,002
 4,083	 0,000	 0,002
 4,088	 0,000	 0,002
 4,093	 0,000	 0,002
 4,098	 0,000	 0,002
 4,103	 0,000	 0,002
 4,108	 0,000	 0,002
 4,113	 0,000	 0,002
 4,118	 0,000	 0,002
 4,123	 0,000	 0,002
 4,128	 0,000	 0,002
 4,134	 0,000	 0,002
 4,139	 0,000	 0,002
 4,144	-0,000	 0,002
 4,149	-0,000	 0,002
 4,154	-0,000	 0,001
 4,159	-0,000	 0,001
 4,164	-0,000	 0,001
 4,169	-0,000	 0,001
 4,174	-0,000	 0,001
 4,179	-0,000	 0,001
 4,184	-0,000	 0,001
 4,189	-0,001	 0,001
 4,194	-0,001	 0,001
 4,200	-0,001	 0,001
 4,205	-0,001	 0,001
 4,210	-0,001	 0,001
 4,215	-0,001	 0,001
 4,220	-0,001	 0,001
 4,225	-0,001	 0,001
 4,230	-0,001	 0,001
 4,235	-0,001	 0,001
 4,240	-0,001	 0,001
 4,245	-0,001	 0,001
 4,250	-0,001	 0,001
 4,255	-0,001	 0,001
 4,260	-0,001	 0,001
 4,266	-0,001	 0,001
 4,271	-0,001	 0,002
 4,276	-0,001	 0,002
 4,281	-0,001	 0,002
 4,286	-0,001	 0,002
 4,291	-0,001	 0,002
 4,296	-0,001	 0,002
 4,301	-0,001	 0,002
 4,306	-0,001	 0,002
 4,311	-0,000	 0,002
 4,316	-0,000	 0,002
 4,321	-0,000	 0,002
 4,326	-0,000	 0,002
 4,332	-0,000	 0,002
 4,337	-0,000	 0,002
 4,342	-0,000	 0,002
 4,347	-0,000	 0,002
 4,352	-0,000	 0,002
 4,357	-0,000	 0,002
 4,362	-0,000	 0,001
 4,367	-0,000	 0,001
 4,372	-0,000	 0,001
 4,377	-0,000	 0,001
 4,382	-0,000	 0,001
 4,387	-0,000	 0,001
 4,392	-0,000	 0,001
 4,398	-0,000	 0,001
 4,403	-0,000	 0,001
 4,408	-0,000	 0,001
 4,413	-0,000	 0,001
 4,418	 0,000	 0,001
 4,423	 0,000	 0,001
 4,428	 0,000	 0,001
 4,433	 0,000	 0,001
 4,438	 0,000	 0,001
 4,443	 0,000	 0,001
 4,448	 0,000	 0,001
 4,453	 0,000	 0,001
 4,459	 0,000	 0,001
 4,464	 0,000	 0,001
 4,469	 0,000	 0,001
 4,474	 0,000	 0,001
 4,479	 0,000	 0,001
 4,484	 0,000	 0,001
 4,489	 0,000	 0,001
 4,494	 0,000	 0,001
 4,499	 0,000	 0,001
 4,504	 0,000	 0,001
 4,509	 0,000	 0,001
 4,514	 0,000	 0,001
 4,519	 0,000	 0,001
 4,525	 0,000	 0,001
 4,530	 0,000	 0,001
 4,535	 0,000	 0,001
 4,540	 0,000	 0,001
 4,545	 0,000	 0,001
 4,550	 0,000	 0,001
 4,555	 0,000	 0,001
 4,560	 0,000	 0,001
 4,565	 0,000	 0,001
 4,570	 0,000	 0,001
 4,575	 0,000	 0,001
 4,580	 0,000	 0,001
 4,585	 0,000	 0,000
 4,591	 0,000	 0,001
 4,596	 0,000	 0,001
 4,601	 0,000	 0,001
 4,606	 0,000	 0,001
 4,611	 0,000	 0,001
 4,616	 0,000	 0,001
 4,621	 0,000	 0,001
 4,626	 0,000	 0,001
 4,631	 0,000	 0,001
 4,636	 0,000	 0,001
 4,641	 0,000	 0,001
 4,646	 0,000	 0,001
 4,651	 0,000	 0,001
 4,657	 0,000	 0,001
 4,662	 0,000	 0,001
 4,667	 0,000	 0,001
 4,672	 0,000	 0,001
 4,677	 0,000	 0,001
 4,682	 0,000	 0,001
 4,687	 0,000	 0,001
 4,692	 0,000	 0,001
 4,697	 0,000	 0,001
 4,702	 0,000	 0,001
 4,707	 0,001	 0,001
 4,712	 0,000	 0,001
 4,717	 0,001	 0,001
 4,723	 0,001	 0,001
 4,728	 0,001	 0,001
 4,733	 0,000	 0,001
 4,738	 0,000	 0,001
 4,743	 0,000	 0,001
 4,748	 0,001	 0,001
 4,753	 0,001	 0,001
 4,758	 0,001	 0,001
 4,763	 0,001	 0,001
 4,768	 0,000	 0,001
 4,773	 0,000	 0,001
 4,778	 0,000	 0,001
 4,783	 0,000	 0,001
 4,789	 0,000	 0,001
 4,794	 0,000	 0,001
 4,799	 0,000	 0,001
 4,804	 0,000	 0,001
 4,809	 0,000	 0,001
 4,814	 0,000	 0,001
 4,819	 0,000	 0,001
 4,824	 0,000	 0,001
 4,829	 0,000	 0,001
 4,834	 0,000	 0,001
 4,839	 0,000	 0,001
 4,844	 0,000	 0,001
 4,850	 0,000	 0,001
 4,855	 0,000	 0,001
 4,860	 0,000	 0,002
 4,865	 0,000	 0,002
 4,870	 0,000	 0,002
 4,875	 0,000	 0,002
 4,880	 0,000	 0,002
 4,885	 0,000	 0,002
 4,890	 0,000	 0,002
 4,895	 0,000	 0,002
 4,900	 0,000	 0,002
 4,905	 0,000	 0,002
 4,910	 0,000	 0,002
 4,916	 0,000	 0,002
 4,921	 0,000	 0,002
 4,926	 0,000	 0,002
 4,931	 0,000	 0,002
 4,936	 0,000	 0,002
 4,941	 0,000	 0,002
 4,946	 0,000	 0,002
 4,951	 0,000	 0,002
 4,956	 0,000	 0,002
 4,961	 0,000	 0,002
 4,966	 0,000	 0,002
 4,971	 0,000	 0,001
 4,976	 0,000	 0,001
 4,982	 0,000	 0,001
 4,987	 0,000	 0,001
 4,992	 0,000	 0,001
 4,997	 0,000	 0,001
 5,002	 0,000	 0,001
 5,007	 0,000	 0,001
 5,012	 0,000	 0,001
 5,017	 0,000	 0,001
 5,022	 0,000	 0,001
 5,027	 0,000	 0,001
 5,032	 0,000	 0,001
 5,037	 0,000	 0,001
 5,042	 0,000	 0,001
 5,048	-0,000	 0,001
 5,053	-0,000	 0,001
 5,058	-0,000	 0,001
 5,063	-0,000	 0,001
 5,068	-0,000	 0,001
 5,073	-0,000	 0,001
 5,078	-0,000	 0,001
 5,083	-0,000	 0,001
 5,088	-0,000	 0,001
 5,093	-0,000	 0,001
 5,098	-0,000	 0,001
 5,103	-0,000	 0,001
 5,108	-0,000	 0,000
 5,114	-0,000	 0,000
 5,119	-0,000	 0,000
 5,124	-0,000	 0,000
 5,129	-0,000	 0,000
 5,134	-0,000	 0,000
 5,139	-0,000	 0,000
 5,144	-0,000	 0,000
 5,149	-0,000	 0,000
 5,154	-0,000	 0,000
 5,159	-0,000	-0,000
 5,164	-0,000	-0,000
 5,169	 0,000	-0,000
 5,175	 0,000	-0,000
 5,180	 0,000	-0,000
 5,185	 0,000	-0,000
 5,190	 0,000	-0,000
 5,195	 0,000	-0,000
 5,200	-0,000	-0,000
 5,205	 0,000	-0,001
 5,210	 0,000	-0,000
 5,215	 0,000	-0,001
 5,220	 0,000	-0,001
 5,225	 0,000	-0,000
 5,230	 0,000	-0,000
 5,235	 0,000	-0,001
 5,241	 0,000	-0,001
 5,246	 0,000	-0,001
 5,251	 0,000	-0,001
 5,256	 0,000	-0,001
 5,261	 0,000	-0,001
 5,266	 0,000	-0,001
 5,271	 0,000	-0,001
 5,276	 0,000	-0,001
 5,281	 0,000	-0,001
 5,286	 0,000	-0,001
 5,291	 0,000	-0,001
 5,296	 0,000	-0,001
 5,301	 0,000	-0,001
 5,307	 0,000	-0,001
 5,312	 0,000	-0,001
 5,317	 0,000	-0,001
 5,322	 0,000	-0,001
 5,327	 0,000	-0,001
 5,332	 0,000	-0,001
 5,337	 0,000	-0,001
 5,342	 0,000	-0,001
 5,347	 0,000	-0,001
 5,352	 0,000	-0,001
 5,357	 0,000	-0,001
 5,362	 0,000	-0,001
 5,367	 0,000	-0,001
 5,373	 0,000	-0,001
 5,378	 0,000	-0,001
 5,383	 0,000	-0,001
 5,388	 0,000	-0,001
 5,393	 0,000	-0,001
 5,398	 0,000	-0,001
 5,403	 0,000	-0,001
 5,408	 0,000	-0,001
 5,413	 0,000	-0,000
 5,418	 0,000	-0,000
 5,423	 0,000	-0,000
 5,428	 0,000	-0,000
 5,433	 0,000	-0,000
 5,439	 0,000	-0,000
 5,444	 0,000	-0,000
 5,449	 0,000	-0,000
 5,454	 0,000	-0,000
 5,459	 0,000	-0,000
 5,464	 0,000	 0,000
 5,469	 0,000	 0,000
 5,474	 0,000	 0,000
 5,479	 0,000	 0,000
 5,484	 0,000	 0,000
 5,489	 0,000	 0,001
 5,494	 0,000	 0,001
 5,500	 0,000	 0,001
 5,505	 0,000	 0,001
 5,510	 0,000	 0,001
 5,515	 0,000	 0,001
 5,520	 0,000	 0,001
 5,525	 0,000	 0,001
 5,530	 0,000	 0,001
 5,535	 0,000	 0,001
 5,540	 0,000	 0,001
 5,545	 0,000	 0,001
 5,550	 0,000	 0,001
 5,555	 0,000	 0,001 