t	X1	Y1	X2	Y2
s	m	m	m	m
 0,000000000	-0,000181159	-0,000543478	 0,006702899	-0,001086957
 0,005078024	-0,000181159	-0,000543478	 0,006702899	-0,001086957
 0,010156048	-0,000181159	-0,000543478	 0,006521740	-0,001086957
 0,015234073	-0,000181159	-0,000543478	 0,006340580	-0,001086957
 0,020312097	-0,000181159	-0,000543478	 0,006340580	-0,000905797
 0,025390120	-0,000181159	-0,000543478	 0,006340580	-0,000905797
 0,030468145	-0,000181159	-0,000543478	 0,006340580	-0,000905797
 0,035546169	-0,000181159	-0,000543478	 0,006340580	-0,000905797
 0,040624194	-0,000181159	-0,000543478	 0,006340580	-0,000905797
 0,045702219	-0,000181159	-0,000543478	 0,006340580	-0,000905797
 0,050780240	-0,000181159	-0,000543478	 0,006340580	-0,000905797
 0,055858266	-0,000181159	-0,000543478	 0,006340580	-0,000905797
 0,060936291	-0,000181159	-0,000543478	 0,006702899	-0,000905797
 0,066014312	-0,000181159	-0,000543478	 0,006521740	-0,000905797
 0,071092337	-0,000181159	-0,000543478	 0,006521740	-0,000905797
 0,076170363	-0,000181159	-0,000543478	 0,006340580	-0,000905797
 0,081248388	-0,000181159	-0,000543478	 0,006521740	-0,000905797
 0,086326413	-0,000181159	-0,000543478	 0,006521740	-0,000905797
 0,091404438	-0,000181159	-0,000543478	 0,006521740	-0,000905797
 0,096482456	-0,000181159	-0,000543478	 0,006340580	-0,000724638
 0,101560481	-0,000181159	-0,000543478	 0,006521740	-0,000724638
 0,106638506	-0,000181159	-0,000543478	 0,006702899	-0,000905797
 0,111716531	-0,000181159	-0,000543478	 0,006702899	-0,000905797
 0,116794556	-0,000181159	-0,000543478	 0,006702899	-0,000724638
 0,121872582	-0,000181159	-0,000543478	 0,006702899	-0,000905797
 0,126950607	-0,000181159	-0,000543478	 0,006702899	-0,000905797
 0,132028624	-0,000181159	-0,000543478	 0,006702899	-0,000905797
 0,137106657	-0,000181159	-0,000543478	 0,006702899	-0,000724638
 0,142184675	-0,000181159	-0,000543478	 0,006702899	-0,000724638
 0,147262707	-0,000181159	-0,000543478	 0,006702899	-0,000724638
 0,152340725	-0,000181159	-0,000543478	 0,006702899	-0,000724638
 0,157418743	-0,000181159	-0,000543478	 0,006702899	-0,000905797
 0,162496775	-0,000181159	-0,000543478	 0,006702899	-0,000905797
 0,167574793	-0,000181159	-0,000543478	 0,006702899	-0,000905797
 0,172652826	-0,000181159	-0,000543478	 0,007065217	-0,000905797
 0,177730843	-0,000181159	-0,000543478	 0,007065217	-0,001086957
 0,182808876	-0,000181159	-0,000543478	 0,007065217	-0,000905797
 0,187886894	-0,000181159	-0,000543478	 0,006884058	-0,000905797
 0,192964911	-0,000181159	-0,000543478	 0,006702899	-0,000905797
 0,198042944	-0,000181159	-0,000543478	 0,006702899	-0,000905797
 0,203120962	-0,000181159	-0,000543478	 0,006702899	-0,000905797
 0,208198994	-0,000181159	-0,000543478	 0,006702899	-0,000724638
 0,213277012	-0,000181159	-0,000543478	 0,006702899	-0,000724638
 0,218355045	-0,000181159	-0,000543478	 0,006702899	-0,000905797
 0,223433062	-0,000181159	-0,000543478	 0,006702899	-0,000905797
 0,228511080	-0,000181159	-0,000543478	 0,006702899	-0,000905797
 0,233589113	-0,000181159	-0,000543478	 0,006702899	-0,000905797
 0,238667130	-0,000181159	-0,000543478	 0,006702899	-0,000905797
 0,243745163	-0,000181159	-0,000362319	 0,006702899	-0,000905797
 0,248823181	-0,000181159	-0,000543478	 0,006702899	-0,000905797
 0,253901213	-0,000181159	-0,000543478	 0,006702899	-0,000905797
 0,258979231	-0,000181159	-0,000543478	 0,006702899	-0,000905797
 0,264057249	-0,000181159	-0,000543478	 0,006702899	-0,000905797
 0,269135267	-0,000181159	-0,000543478	 0,006702899	-0,000905797
 0,274213314	-0,000181159	-0,000362319	 0,006702899	-0,000905797
 0,279291332	-0,000181159	-0,000543478	 0,006702899	-0,000905797
 0,284369349	-0,000181159	-0,000543478	 0,006702899	-0,000905797
 0,289447367	-0,000181159	-0,000543478	 0,007065217	-0,000905797
 0,294525415	-0,000181159	-0,000543478	 0,007065217	-0,000905797
 0,299603432	-0,000181159	-0,000543478	 0,006884058	-0,000905797
 0,304681450	-0,000181159	-0,000543478	 0,006702899	-0,000905797
 0,309759468	-0,000181159	-0,000543478	 0,006702899	-0,000905797
 0,314837486	-0,000181159	-0,000543478	 0,006702899	-0,000724638
 0,319915533	-0,000181159	-0,000543478	 0,006702899	-0,000724638
 0,324993551	-0,000181159	-0,000543478	 0,006521740	-0,000724638
 0,330071568	-0,000181159	-0,000543478	 0,006521740	-0,000724638
 0,335149586	-0,000181159	-0,000543478	 0,006702899	-0,000724638
 0,340227604	-0,000181159	-0,000543478	 0,006702899	-0,000724638
 0,345305651	-0,000181159	-0,000543478	 0,006702899	-0,000724638
 0,350383669	-0,000181159	-0,000543478	 0,006702899	-0,000724638
 0,355461687	-0,000181159	-0,000543478	 0,006702899	-0,000724638
 0,360539705	-0,000181159	-0,000543478	 0,006702899	-0,000724638
 0,365617752	-0,000181159	-0,000543478	 0,006702899	-0,000724638
 0,370695770	-0,000181159	-0,000543478	 0,006702899	-0,000724638
 0,375773787	-0,000181159	-0,000543478	 0,006702899	-0,000724638
 0,380851805	-0,000181159	-0,000543478	 0,006702899	-0,000724638
 0,385929823	-0,000181159	-0,000543478	 0,006702899	-0,000724638
 0,391007870	-0,000181159	-0,000543478	 0,006702899	-0,000724638
 0,396085888	-0,000181159	-0,000543478	 0,006702899	-0,000724638
 0,401163906	-0,000181159	-0,000543478	 0,006702899	-0,000724638
 0,406241924	-0,000181159	-0,000543478	 0,006702899	-0,000724638
 0,411319971	-0,000181159	-0,000543478	 0,006702899	-0,000724638
 0,416397989	-0,000181159	-0,000543478	 0,006702899	-0,000724638
 0,421476007	-0,000181159	-0,000543478	 0,006702899	-0,000724638
 0,426554024	-0,000181159	-0,000543478	 0,006702899	-0,000724638
 0,431632042	-0,000181159	-0,000543478	 0,006702899	-0,000724638
 0,436710089	-0,000181159	-0,000543478	 0,006702899	-0,000724638
 0,441788107	-0,000181159	-0,000543478	 0,006702899	-0,000724638
 0,446866125	-0,000181159	-0,000543478	 0,006702899	-0,000724638
 0,451944143	-0,000181159	-0,000543478	 0,006702899	-0,000724638
 0,457022160	-0,000181159	-0,000543478	 0,006702899	-0,000724638
 0,462100208	-0,000181159	-0,000543478	 0,006702899	-0,000724638
 0,467178226	-0,000181159	-0,000543478	 0,006702899	-0,000724638
 0,472256243	-0,000181159	-0,000543478	 0,006702899	-0,000724638
 0,477334261	-0,000181159	-0,000543478	 0,006702899	-0,000724638
 0,482412308	-0,000181159	-0,000543478	 0,006702899	-0,000724638
 0,487490326	-0,000181159	-0,000543478	 0,006702899	-0,000724638
 0,492568344	-0,000181159	-0,000543478	 0,006702899	-0,000724638
 0,497646362	-0,000181159	-0,000543478	 0,006702899	-0,000724638
 0,502724409	-0,000181159	-0,000543478	 0,006702899	-0,000724638
 0,507802427	-0,000181159	-0,000543478	 0,006702899	-0,000724638
 0,512880445	-0,000181159	-0,000543478	 0,006884058	-0,000724638
 0,517958462	-0,000181159	-0,000543478	 0,007065217	-0,000905797
 0,523036480	-0,000181159	-0,000543478	 0,007065217	-0,000905797
 0,528114498	-0,000181159	-0,000543478	 0,007065217	-0,000905797
 0,533192515	-0,000181159	-0,000543478	 0,007065217	-0,000905797
 0,538270533	-0,000181159	-0,000543478	 0,007065217	-0,000724638
 0,543348610	-0,000181159	-0,000543478	 0,006884058	-0,000724638
 0,548426628	-0,000181159	-0,000543478	 0,006702899	-0,000724638
 0,553504646	-0,000181159	-0,000543478	 0,006702899	-0,000724638
 0,558582664	-0,000148221	-0,000510540	 0,006702899	-0,000724638
 0,563660681	-0,000115283	-0,000477602	 0,006702899	-0,000724638
 0,568738699	-0,000082345	-0,000444664	 0,006702899	-0,000724638
 0,573816717	-0,000049407	-0,000411726	 0,006702899	-0,000724638
 0,578894734	-0,000016469	-0,000378788	 0,006702899	-0,000724638
 0,583972752	 0,000016469	-0,000345850	 0,006884058	-0,000724638
 0,589050829	 0,000049407	-0,000312912	 0,006884058	-0,000724638
 0,594128847	 0,000082345	-0,000279974	 0,007065217	-0,000724638
 0,599206865	 0,000115283	-0,000247036	 0,007065217	-0,000724638
 0,604284883	 0,000148221	-0,000214097	 0,007065217	-0,000724638
 0,609362900	 0,000181159	-0,000181159	 0,006884058	-0,000724638
 0,614440918	 0,000301932	-0,000051760	 0,006702899	-0,000724638
 0,619518936	 0,000422705	 0,000077639	 0,006702899	-0,000724638
 0,624596953	 0,000543478	 0,000207039	 0,006702899	-0,000724638
 0,629674971	 0,000664251	 0,000336438	 0,006702899	-0,000724638
 0,634753048	 0,000785025	 0,000465839	 0,006702899	-0,000724638
 0,639831066	 0,000905798	 0,000595239	 0,006702899	-0,000724638
 0,644909084	 0,001026571	 0,000724638	 0,006702899	-0,000724638
 0,649987102	 0,001147343	 0,000854038	 0,006702899	-0,000724638
 0,655065119	 0,001268116	 0,000983437	 0,006702899	-0,000543478
 0,660143137	 0,001388889	 0,001112837	 0,006702899	-0,000543478
 0,665221155	 0,001509662	 0,001242236	 0,006702899	-0,000543478
 0,670299172	 0,001630435	 0,001371635	 0,006702899	-0,000543478
 0,675377190	 0,001751207	 0,001501035	 0,006702899	-0,000543478
 0,680455208	 0,001871980	 0,001630434	 0,006702899	-0,000543478
 0,685533285	 0,001992754	 0,001759835	 0,006702899	-0,000543478
 0,690611303	 0,002113527	 0,001889235	 0,006702899	-0,000543478
 0,695689321	 0,002234300	 0,002018634	 0,006884058	-0,000543478
 0,700767338	 0,002355073	 0,002148034	 0,006884058	-0,000543478
 0,705845356	 0,002475846	 0,002277433	 0,007065217	-0,000543478
 0,710923374	 0,002596619	 0,002406832	 0,007065217	-0,000724638
 0,716001391	 0,002717391	 0,002536232	 0,007065217	-0,000724638
 0,721079409	 0,003109903	 0,002958936	 0,007065217	-0,000543478
 0,726157427	 0,003502414	 0,003381641	 0,006884058	-0,000543478
 0,731235504	 0,003894930	 0,003804350	 0,006884058	-0,000543478
 0,736313522	 0,004287441	 0,004227055	 0,006884058	-0,000543478
 0,741391540	 0,004679952	 0,004649759	 0,007065217	-0,000543478
 0,746469557	 0,005072464	 0,005072464	 0,007065217	-0,000543478
 0,751547575	 0,005615942	 0,005434783	 0,007065217	-0,000543478
 0,756625593	 0,006250000	 0,006068841	 0,007065217	-0,000724638
 0,761703610	 0,006884058	 0,006702899	 0,007065217	-0,000543478
 0,766781628	 0,007608696	 0,007336957	 0,007065217	-0,000543478
 0,771859646	 0,008333334	 0,007971015	 0,007065217	-0,000543478
 0,776937723	 0,009057972	 0,008695653	 0,007065217	-0,000543478
 0,782015741	 0,009963769	 0,009420291	 0,007065217	-0,000543478
 0,787093759	 0,010869565	 0,010144928	 0,007065217	-0,000543478
 0,792171776	 0,011865942	 0,011050725	 0,007065217	-0,000724638
 0,797249794	 0,012862319	 0,011956522	 0,007065217	-0,000724638
 0,802327812	 0,014221015	 0,013179348	 0,007065217	-0,000543478
 0,807405829	 0,015579711	 0,014402174	 0,007065217	-0,000543478
 0,812483847	 0,016938407	 0,015625000	 0,007065217	-0,000543478
 0,817561865	 0,018297102	 0,016847827	 0,007065217	-0,000543478
 0,822639942	 0,019927537	 0,017934782	 0,007065217	-0,000543478
 0,827717960	 0,021648551	 0,018931160	 0,007065217	-0,000543478
 0,832795978	 0,023369566	 0,019927537	 0,007065217	-0,000543478
 0,837873995	 0,022463770	 0,019524312	 0,007065217	-0,000543478
 0,842952013	 0,021557973	 0,019121086	 0,007065217	-0,000543478
 0,848030031	 0,020652177	 0,018717861	 0,007065217	-0,000543478
 0,853108048	 0,019746381	 0,018314636	 0,007065217	-0,000543478
 0,858186066	 0,018840585	 0,017911410	 0,007065217	-0,000724638
 0,863264084	 0,017934789	 0,017508185	 0,007065217	-0,000724638
 0,868342102	 0,017028993	 0,017104959	 0,007065217	-0,000724638
 0,873420179	 0,016123186	 0,016701729	 0,007065217	-0,000724638
 0,878498197	 0,015217390	 0,016298504	 0,007065217	-0,000724638
 0,883576214	 0,014311594	 0,015895279	 0,007065217	-0,000724638
 0,888654232	 0,013405798	 0,015492053	 0,007065217	-0,000543478
 0,893732250	 0,012500002	 0,015088828	 0,007065217	-0,000543478
 0,898810267	 0,011594206	 0,014685603	 0,007065217	-0,000543478
 0,903888285	 0,010688410	 0,014282377	 0,007065217	-0,000543478
 0,908966303	 0,009782614	 0,013879152	 0,007065217	-0,000543478
 0,914044321	 0,008876817	 0,013475926	 0,006884058	-0,000543478
 0,919122398	 0,007971011	 0,013072696	 0,007065217	-0,000543478
 0,924200416	 0,007065215	 0,012669471	 0,006884058	-0,000543478
 0,929278433	 0,006159419	 0,012266246	 0,006884058	-0,000543478
 0,934356451	 0,005253622	 0,011863020	 0,006884058	-0,000543478
 0,939434469	 0,004347826	 0,011459795	 0,006884058	-0,000543478
 0,944512486	 0,003442030	 0,011056569	 0,006884058	-0,000543478
 0,949590504	 0,002536234	 0,010653344	 0,007065217	-0,000543478
 0,954668522	 0,001630438	 0,010250119	 0,007065217	-0,000543478
 0,959746540	 0,000724642	 0,009846893	 0,007065217	-0,000543478
 0,964824617	-0,000181165	 0,009443663	 0,007065217	-0,000543478
 0,969902635	-0,001086961	 0,009040438	 0,007065217	-0,000543478
 0,974980652	-0,001992757	 0,008637213	 0,007065217	-0,000543478
 0,980058670	-0,002898553	 0,008233987	 0,007065217	-0,000543478
 0,985136688	-0,003804349	 0,007830762	 0,007065217	-0,000543478
 0,990214705	-0,004710145	 0,007427536	 0,007065217	-0,000543478
 0,995292723	-0,003260870	 0,007246377	 0,007065217	-0,000543478
 1,000370741	-0,002638135	 0,007653985	 0,007065217	-0,000543478
 1,005448818	-0,002015392	 0,008061599	 0,007065217	-0,000543478
 1,010526776	-0,001392664	 0,008469202	 0,007065217	-0,000362319
 1,015604854	-0,000769922	 0,008876815	 0,007065217	-0,000362319
 1,020682812	-0,000147194	 0,009284419	 0,007065217	-0,000362319
 1,025760889	 0,000475548	 0,009692032	 0,007065217	-0,000362319
 1,030838847	 0,001098276	 0,010099636	 0,007065217	-0,000543478
 1,035916924	 0,001721018	 0,010507249	 0,007065217	-0,000543478
 1,040995002	 0,002343761	 0,010914862	 0,007065217	-0,000543478
 1,046072960	 0,002966488	 0,011322466	 0,007065217	-0,000543478
 1,051151037	 0,003589231	 0,011730079	 0,007065217	-0,000543478
 1,056228995	 0,004211959	 0,012137682	 0,007065217	-0,000543478
 1,061307073	 0,004834701	 0,012545296	 0,007065217	-0,000543478
 1,066385031	 0,005457429	 0,012952899	 0,007065217	-0,000543478
 1,071463108	 0,006080171	 0,013360512	 0,007065217	-0,000543478
 1,076541066	 0,006702899	 0,013768116	 0,007065217	-0,000543478
 1,081619143	 0,007065217	 0,013768116	 0,007065217	-0,000543478
 1,086697221	 0,007427536	 0,013949276	 0,007246377	-0,000543478
 1,091775179	 0,008333334	 0,015217392	 0,007065217	-0,000543478
 1,096853256	 0,009420291	 0,016123189	 0,007065217	-0,000543478
 1,101931214	 0,010326087	 0,017753623	 0,007065217	-0,000543478
 1,107009292	 0,010869565	 0,019927537	 0,007065217	-0,000543478
 1,112087250	 0,011775352	 0,022192004	 0,007065217	-0,000543478
 1,117165327	 0,012681160	 0,024456523	 0,007065217	-0,000543478
 1,122243285	 0,012560389	 0,027294644	 0,007065217	-0,000543478
 1,127321362	 0,012439615	 0,030132830	 0,007065217	-0,000543478
 1,132399440	 0,012318841	 0,032971017	 0,007065217	-0,000543478
 1,137477398	 0,012137681	 0,031521741	 0,007065217	-0,000543478
 1,142555475	 0,011279134	 0,030891615	 0,007246377	-0,000543478
 1,147633433	 0,010420608	 0,030261504	 0,007065217	-0,000543478
 1,152711511	 0,009562061	 0,029631377	 0,007065217	-0,000724638
 1,157789469	 0,008703534	 0,029001266	 0,007065217	-0,000724638
 1,162867546	 0,007844987	 0,028371140	 0,007065217	-0,000724638
 1,167945504	 0,006986460	 0,027741028	 0,007065217	-0,000543478
 1,173023582	 0,006127913	 0,027110902	 0,007065217	-0,000543478
 1,178101659	 0,005269367	 0,026480776	 0,007065217	-0,000543478
 1,183179617	 0,004410840	 0,025850664	 0,007065217	-0,000543478
 1,188257694	 0,003552293	 0,025220538	 0,007065217	-0,000543478
 1,193335652	 0,002693766	 0,024590427	 0,007065217	-0,000543478
 1,198413730	 0,001835219	 0,023960300	 0,007065217	-0,000543478
 1,203491688	 0,000976692	 0,023330189	 0,007065217	-0,000543478
 1,208569765	 0,000118146	 0,022700063	 0,007065217	-0,000543478
 1,213647723	-0,000740381	 0,022069951	 0,007065217	-0,000543478
 1,218725801	-0,001598928	 0,021439825	 0,007065217	-0,000543478
 1,223803878	-0,002457475	 0,020809699	 0,007065217	-0,000543478
 1,228881836	-0,003316002	 0,020179587	 0,006884058	-0,000543478
 1,233959913	-0,004174549	 0,019549461	 0,006884058	-0,000543478
 1,239037871	-0,005033075	 0,018919349	 0,006884058	-0,000543478
 1,244115949	-0,005891622	 0,018289223	 0,006702899	-0,000543478
 1,249193907	-0,006750149	 0,017659112	 0,006702899	-0,000543478
 1,254271984	-0,007608696	 0,017028986	 0,006884058	-0,000543478
 1,259349942	-0,007046155	 0,017343627	 0,006884058	-0,000543478
 1,264428020	-0,006483601	 0,017658276	 0,006702899	-0,000543478
 1,269506097	-0,005921047	 0,017972925	 0,006702899	-0,000543478
 1,274584055	-0,005358507	 0,018287566	 0,006702899	-0,000543478
 1,279662132	-0,004795953	 0,018602215	 0,006702899	-0,000543478
 1,284740090	-0,004233412	 0,018916857	 0,006702899	-0,000543478
 1,289818168	-0,003670858	 0,019231505	 0,006702899	-0,000543478
 1,294896126	-0,003108317	 0,019546147	 0,006702899	-0,000543478
 1,299974203	-0,002545763	 0,019860796	 0,006702899	-0,000543478
 1,305052161	-0,001983222	 0,020175437	 0,006884058	-0,000543478
 1,310130239	-0,001420668	 0,020490086	 0,006884058	-0,000543478
 1,315208197	-0,000858128	 0,020804728	 0,006884058	-0,000543478
 1,320286274	-0,000295574	 0,021119377	 0,007065217	-0,000543478
 1,325364351	 0,000266980	 0,021434025	 0,006884058	-0,000543478
 1,330442309	 0,000829521	 0,021748667	 0,006884058	-0,000362319
 1,335520387	 0,001392075	 0,022063316	 0,006884058	-0,000543478
 1,340598345	 0,001954616	 0,022377957	 0,006884058	-0,000543478
 1,345676422	 0,002517170	 0,022692606	 0,006884058	-0,000543478
 1,350754380	 0,003079710	 0,023007248	 0,006884058	-0,000543478
 1,355832458	 0,003985507	 0,022101451	 0,006884058	-0,000543478
 1,360910416	 0,004755426	 0,021467400	 0,007065217	-0,000362319
 1,365988493	 0,005525362	 0,020833334	 0,007065217	-0,000362319
 1,371066570	 0,006295299	 0,020199268	 0,007065217	-0,000362319
 1,376144528	 0,007065217	 0,019565217	 0,007065217	-0,000362319
 1,381222606	 0,007336960	 0,019021733	 0,007065217	-0,000362319
 1,386300564	 0,007608696	 0,018478261	 0,007065217	-0,000543478
 1,391378641	 0,007427536	 0,019384058	 0,007065217	-0,000543478
 1,396456599	 0,007065217	 0,020108696	 0,007065217	-0,000543478
 1,401534677	 0,007246377	 0,020471016	 0,007065217	-0,000543478
 1,406612635	 0,006375098	 0,019962051	 0,007065217	-0,000543478
 1,411690712	 0,005503799	 0,019453074	 0,007065217	-0,000543478
 1,416768789	 0,004632499	 0,018944097	 0,007065217	-0,000362319
 1,421846747	 0,003761220	 0,018435132	 0,007065217	-0,000362319
 1,426924825	 0,002889921	 0,017926155	 0,007065217	-0,000543478
 1,432002783	 0,002018642	 0,017417190	 0,007246377	-0,000543478
 1,437080860	 0,001147343	 0,016908213	 0,007427536	-0,000543478
 1,442158818	 0,000276064	 0,016399249	 0,007608696	-0,000543478
 1,447236896	-0,000595235	 0,015890272	 0,007608696	-0,000543478
 1,452314854	-0,001466514	 0,015381307	 0,007246377	-0,000543478
 1,457392931	-0,002337814	 0,014872330	 0,007246377	-0,000543478
 1,462471008	-0,003209113	 0,014363353	 0,007065217	-0,000543478
 1,467548966	-0,004080392	 0,013854388	 0,007065217	-0,000543478
 1,472627044	-0,004951691	 0,013345411	 0,007065217	-0,000543478
 1,477705002	-0,005822970	 0,012836446	 0,007246377	-0,000543478
 1,482783079	-0,006694270	 0,012327469	 0,007065217	-0,000543478
 1,487861037	-0,007565548	 0,011818504	 0,007065217	-0,000543478
 1,492939115	-0,008436848	 0,011309527	 0,007065217	-0,000543478
 1,498017073	-0,009308127	 0,010800562	 0,007065217	-0,000543478
 1,503095150	-0,010179426	 0,010291585	 0,007065217	-0,000543478
 1,508173227	-0,011050725	 0,009782609	 0,007065217	-0,000543478
 1,513251185	-0,010619399	 0,010343333	 0,007065217	-0,000543478
 1,518329263	-0,010188062	 0,010904071	 0,007065217	-0,000362319
 1,523407221	-0,009756735	 0,011464796	 0,007065217	-0,000362319
 1,528485298	-0,009325398	 0,012025534	 0,007065217	-0,000362319
 1,533563256	-0,008894072	 0,012586258	 0,007065217	-0,000362319
 1,538641334	-0,008462735	 0,013146996	 0,007065217	-0,000362319
 1,543719292	-0,008031408	 0,013707721	 0,007065217	-0,000362319
 1,548797369	-0,007600071	 0,014268459	 0,007065217	-0,000362319
 1,553875446	-0,007168735	 0,014829197	 0,007065217	-0,000543478
 1,558953404	-0,006737408	 0,015389921	 0,007065217	-0,000543478
 1,564031482	-0,006306071	 0,015950659	 0,006884058	-0,000362319
 1,569109440	-0,005874744	 0,016511384	 0,006884058	-0,000362319
 1,574187517	-0,005443408	 0,017072122	 0,006884058	-0,000543478
 1,579265475	-0,005012081	 0,017632846	 0,006702899	-0,000543478
 1,584343553	-0,004580744	 0,018193584	 0,006884058	-0,000543478
 1,589421511	-0,004149417	 0,018754309	 0,006702899	-0,000543478
 1,594499588	-0,003718081	 0,019315047	 0,006702899	-0,000543478
 1,599577665	-0,003286744	 0,019875785	 0,006702899	-0,000543478
 1,604655623	-0,002855417	 0,020436509	 0,006702899	-0,000543478
 1,609733701	-0,002424080	 0,020997247	 0,006702899	-0,000362319
 1,614811659	-0,001992754	 0,021557972	 0,006702899	-0,000543478
 1,619889736	-0,001268109	 0,021159417	 0,006702899	-0,000362319
 1,624967694	-0,000543482	 0,020760872	 0,006702899	-0,000543478
 1,630045772	 0,000181163	 0,020362317	 0,006702899	-0,000543478
 1,635123730	 0,000905790	 0,019963772	 0,006702899	-0,000543478
 1,640201807	 0,001630435	 0,019565217	 0,006702899	-0,000543478
 1,645279884	 0,002355073	 0,019384058	 0,006702899	-0,000543478
 1,650357842	 0,002717391	 0,019202899	 0,006702899	-0,000543478
 1,655435920	 0,003260870	 0,018659420	 0,006702899	-0,000543478
 1,660513878	 0,003623188	 0,018115943	 0,006702899	-0,000724638
 1,665591955	 0,003985512	 0,017210135	 0,006702899	-0,000724638
 1,670669913	 0,004347826	 0,016304348	 0,006884058	-0,000724638
 1,675747991	 0,004528988	 0,015217379	 0,006884058	-0,000724638
 1,680825949	 0,004710145	 0,014130435	 0,006702899	-0,000724638
 1,685904026	 0,004347826	 0,013586957	 0,006702899	-0,000724638
 1,690981984	 0,003985507	 0,013043479	 0,006702899	-0,000724638
 1,696060061	 0,003804348	 0,011775362	 0,006702899	-0,000724638
 1,701138139	 0,003134052	 0,013731902	 0,006702899	-0,000543478
 1,706216097	 0,002463771	 0,015688397	 0,006702899	-0,000724638
 1,711294174	 0,001793475	 0,017644937	 0,006884058	-0,000724638
 1,716372132	 0,001123195	 0,019601431	 0,006884058	-0,000724638
 1,721450210	 0,000452899	 0,021557971	 0,006884058	-0,000724638
 1,726528168	-0,000217382	 0,023514466	 0,006884058	-0,000724638
 1,731606245	-0,000887678	 0,025471006	 0,007065217	-0,000724638
 1,736684203	-0,001557958	 0,027427500	 0,007065217	-0,000724638
 1,741762280	-0,002228255	 0,029384040	 0,007065217	-0,000724638
 1,746840358	-0,002898551	 0,031340580	 0,007065217	-0,000724638
 1,751918316	-0,003079708	 0,030887687	 0,007065217	-0,000724638
 1,756996393	-0,003260870	 0,030434784	 0,007065217	-0,000724638
 1,762074351	-0,003532606	 0,028230703	 0,007065217	-0,000724638
 1,767152429	-0,003804348	 0,026026571	 0,007065217	-0,000724638
 1,772230387	-0,004076084	 0,023822491	 0,007065217	-0,000543478
 1,777308464	-0,004347826	 0,021618359	 0,007065217	-0,000543478
 1,782386422	-0,004619562	 0,019414278	 0,007065217	-0,000724638
 1,787464499	-0,004891305	 0,017210146	 0,007065217	-0,000543478
 1,792542577	-0,004347820	 0,017391308	 0,007065217	-0,000543478
 1,797620535	-0,003804348	 0,017572464	 0,007065217	-0,000543478
 1,802698612	-0,003849638	 0,017515852	 0,007065217	-0,000543478
 1,807776570	-0,003894928	 0,017459240	 0,007065217	-0,000543478
 1,812854648	-0,003940218	 0,017402627	 0,006884058	-0,000543478
 1,817932606	-0,003985507	 0,017346016	 0,007065217	-0,000543478
 1,823010683	-0,004030797	 0,017289403	 0,007065217	-0,000543478
 1,828088641	-0,004076087	 0,017232791	 0,007065217	-0,000543478
 1,833166718	-0,004121377	 0,017176178	 0,007065217	-0,000543478
 1,838244796	-0,004166667	 0,017119565	 0,007065217	-0,000543478
 1,843322754	-0,004211957	 0,017062954	 0,006884058	-0,000543478
 1,848400831	-0,004257247	 0,017006341	 0,006884058	-0,000362319
 1,853478789	-0,004302536	 0,016949729	 0,006702899	-0,000362319
 1,858556867	-0,004347827	 0,016893116	 0,006702899	-0,000362319
 1,863634825	-0,004393116	 0,016836505	 0,006702899	-0,000362319
 1,868712902	-0,004438406	 0,016779892	 0,006702899	-0,000362319
 1,873790860	-0,004483695	 0,016723280	 0,006884058	-0,000362319
 1,878868937	-0,004528986	 0,016666668	 0,006884058	-0,000362319
 1,883947015	-0,004347826	 0,015217392	 0,007065217	-0,000362319
 1,889024973	-0,003985507	 0,014311595	 0,006884058	-0,000362319
 1,894103050	-0,003577894	 0,014130433	 0,006884058	-0,000362319
 1,899181008	-0,003170290	 0,013949276	 0,006702899	-0,000362319
 1,904259086	-0,002762677	 0,013768114	 0,006702899	-0,000362319
 1,909337044	-0,002355073	 0,013586957	 0,006702899	-0,000362319
 1,914415121	-0,001811594	 0,013768116	 0,006702899	-0,000362319
 1,919493079	-0,001549923	 0,014291459	 0,007065217	-0,000543478
 1,924571157	-0,001288245	 0,014814814	 0,006884058	-0,000543478
 1,929649234	-0,001026568	 0,015338169	 0,006884058	-0,000543478
 1,934727192	-0,000764897	 0,015861511	 0,006884058	-0,000543478
 1,939805269	-0,000503219	 0,016384866	 0,006884058	-0,000543478
 1,944883227	-0,000241548	 0,016908209	 0,006884058	-0,000543478
 1,949961305	 0,000020130	 0,017431564	 0,006884058	-0,000543478
 1,955039263	 0,000281801	 0,017954906	 0,006884058	-0,000543478
 1,960117340	 0,000543478	 0,018478261	 0,006884058	-0,000543478
 1,965195298	 0,000543478	 0,019202899	 0,006884058	-0,000543478
 1,970273376	 0,000543478	 0,020108696	 0,006884058	-0,000543478
 1,975351453	 0,000543478	 0,020217393	 0,006884058	-0,000543478
 1,980429411	 0,000543478	 0,020326087	 0,007065217	-0,000543478
 1,985507488	 0,000543478	 0,020434784	 0,007065217	-0,000543478
 1,990585446	 0,000543478	 0,020543478	 0,007065217	-0,000543478
 1,995663524	 0,000543478	 0,020652175	 0,007065217	-0,000724638
 2,000741482	 0,000271743	 0,020516307	 0,007065217	-0,000724638
 2,005819559	 0,000000002	 0,020380436	 0,007065217	-0,000724638
 2,010897636	-0,000271740	 0,020244565	 0,007065217	-0,000724638
 2,015975475	-0,000543469	 0,020108701	 0,007065217	-0,000724638
 2,021053553	-0,000815210	 0,019972830	 0,007065217	-0,000724638
 2,026131630	-0,001086952	 0,019836959	 0,007065217	-0,000724638
 2,031209707	-0,001358693	 0,019701088	 0,007065217	-0,000724638
 2,036287785	-0,001630435	 0,019565217	 0,007065217	-0,000724638
 2,041365623	-0,001811594	 0,018478261	 0,007065217	-0,000724638
 2,046443701	-0,001992754	 0,017934782	 0,007065217	-0,000724638
 2,051521778	-0,001992754	 0,017391305	 0,006884058	-0,000543478
 2,056599855	-0,002053141	 0,017028980	 0,006884058	-0,000543478
 2,061677694	-0,002113526	 0,016666673	 0,006884058	-0,000543478
 2,066755772	-0,002173913	 0,016304348	 0,006884058	-0,000543478
 2,071833849	-0,001902174	 0,016123189	 0,006884058	-0,000543478
 2,076911926	-0,001630435	 0,015942030	 0,007065217	-0,000724638
 2,081990004	-0,001086957	 0,016123189	 0,007065217	-0,000724638
 2,087067842	-0,000724638	 0,016666668	 0,007065217	-0,000724638
 2,092145920	-0,000362319	 0,017210146	 0,007065217	-0,000724638
 2,097223997	-0,000555557	 0,017439617	 0,007065217	-0,000724638
 2,102302074	-0,000748796	 0,017669088	 0,007065217	-0,000724638
 2,107379913	-0,000942025	 0,017898548	 0,007065217	-0,000543478
 2,112457991	-0,001135264	 0,018128019	 0,007065217	-0,000543478
 2,117536068	-0,001328502	 0,018357489	 0,006884058	-0,000543478
 2,122614145	-0,001521741	 0,018586960	 0,006702899	-0,000543478
 2,127692223	-0,001714980	 0,018816431	 0,006702899	-0,000543478
 2,132770061	-0,001908209	 0,019045891	 0,006702899	-0,000543478
 2,137848139	-0,002101448	 0,019275361	 0,006702899	-0,000543478
 2,142926216	-0,002294686	 0,019504832	 0,006702899	-0,000543478
 2,148004293	-0,002487925	 0,019734303	 0,006702899	-0,000362319
 2,153082132	-0,002681154	 0,019963763	 0,006702899	-0,000362319
 2,158160210	-0,002874393	 0,020193234	 0,006702899	-0,000362319
 2,163238287	-0,003067631	 0,020422704	 0,006702899	-0,000362319
 2,168316364	-0,003260870	 0,020652175	 0,006702899	-0,000362319
 2,173394442	-0,003442029	 0,020108696	 0,006702899	-0,000362319
 2,178472281	-0,003234997	 0,020005180	 0,006702899	-0,000362319
 2,183550358	-0,003027955	 0,019901659	 0,006702899	-0,000362319
 2,188628435	-0,002820913	 0,019798138	 0,006702899	-0,000362319
 2,193706512	-0,002613870	 0,019694617	 0,006702899	-0,000362319
 2,198784351	-0,002406838	 0,019591100	 0,006702899	-0,000543478
 2,203862429	-0,002199796	 0,019487579	 0,006702899	-0,000543478
 2,208940506	-0,001992754	 0,019384058	 0,006702899	-0,000543478
 2,214018583	-0,001811594	 0,018931160	 0,006702899	-0,000543478
 2,219096661	-0,001630435	 0,018478261	 0,006702899	-0,000543478
 2,224174500	-0,001645531	 0,018297108	 0,006702899	-0,000543478
 2,229252577	-0,001660628	 0,018115947	 0,006702899	-0,000543478
 2,234330654	-0,001675725	 0,017934785	 0,006702899	-0,000543478
 2,239408731	-0,001690821	 0,017753623	 0,006884058	-0,000543478
 2,244486570	-0,001705917	 0,017572470	 0,006884058	-0,000543478
 2,249564648	-0,001721014	 0,017391309	 0,006884058	-0,000543478
 2,254642725	-0,001736111	 0,017210147	 0,006702899	-0,000543478
 2,259720802	-0,001751208	 0,017028986	 0,006702899	-0,000543478
 2,264798880	-0,001766305	 0,016847824	 0,006702899	-0,000543478
 2,269876719	-0,001781401	 0,016666671	 0,006702899	-0,000543478
 2,274954796	-0,001796497	 0,016485509	 0,006702899	-0,000543478
 2,280032873	-0,001811594	 0,016304348	 0,006884058	-0,000543478
 2,285110950	-0,001992754	 0,016666668	 0,007065217	-0,000543478
 2,290188789	-0,002173913	 0,017210146	 0,007065217	-0,000724638
 2,295266867	-0,002355073	 0,017391305	 0,007065217	-0,000724638
 2,300344944	-0,002536232	 0,017572464	 0,007065217	-0,000724638
 2,305423021	-0,002437417	 0,017210142	 0,007065217	-0,000724638
 2,310501099	-0,002338602	 0,016847821	 0,007065217	-0,000724638
 2,315578938	-0,002239791	 0,016485516	 0,007065217	-0,000724638
 2,320657015	-0,002140976	 0,016123194	 0,007065217	-0,000724638
 2,325735092	-0,002042161	 0,015760872	 0,007065217	-0,000724638
 2,330813169	-0,001943346	 0,015398550	 0,007065217	-0,000724638
 2,335891008	-0,001844536	 0,015036245	 0,007065217	-0,000543478
 2,340969086	-0,001745721	 0,014673923	 0,007065217	-0,000724638
 2,346047163	-0,001646906	 0,014311601	 0,007065217	-0,000543478
 2,351125240	-0,001548090	 0,013949279	 0,007065217	-0,000724638
 2,356203318	-0,001449275	 0,013586957	 0,007065217	-0,000724638
 2,361281157	-0,001086957	 0,013405798	 0,007065217	-0,000543478
 2,366359234	-0,000905797	 0,013043479	 0,007065217	-0,000543478
 2,371437311	-0,000724638	 0,012862319	 0,007065217	-0,000543478
 2,376515388	-0,000362319	 0,012862319	 0,006884058	-0,000543478
 2,381593227	-0,000181159	 0,013224638	 0,006884058	-0,000543478
 2,386671305	 0,000000000	 0,013405798	 0,006884058	-0,000543478
 2,391749382	 0,000181159	 0,013586957	 0,007065217	-0,000543478
 2,396827459	 0,000181159	 0,013949276	 0,007065217	-0,000543478
 2,401905537	 0,000139353	 0,014018953	 0,007065217	-0,000543478
 2,406983376	 0,000097548	 0,014088628	 0,007065217	-0,000543478
 2,412061453	 0,000055742	 0,014158305	 0,007065217	-0,000543478
 2,417139530	 0,000013935	 0,014227983	 0,007065217	-0,000543478
 2,422217607	-0,000027871	 0,014297660	 0,006884058	-0,000543478
 2,427295446	-0,000069675	 0,014367334	 0,006884058	-0,000543478
 2,432373524	-0,000111482	 0,014437012	 0,006884058	-0,000543478
 2,437451601	-0,000153288	 0,014506689	 0,006884058	-0,000543478
 2,442529678	-0,000195095	 0,014576367	 0,006702899	-0,000543478
 2,447607756	-0,000236901	 0,014646044	 0,006702899	-0,000543478
 2,452685595	-0,000278706	 0,014715718	 0,006702899	-0,000543478
 2,457763672	-0,000320512	 0,014785396	 0,006702899	-0,000543478
 2,462841749	-0,000362319	 0,014855073	 0,006702899	-0,000362319
 2,467919827	-0,000404125	 0,014924751	 0,006702899	-0,000362319
 2,472997665	-0,000445930	 0,014994425	 0,006702899	-0,000362319
 2,478075743	-0,000487736	 0,015064102	 0,006702899	-0,000543478
 2,483153820	-0,000529543	 0,015133780	 0,006884058	-0,000543478
 2,488231897	-0,000571349	 0,015203457	 0,006702899	-0,000543478
 2,493309975	-0,000613156	 0,015273135	 0,006702899	-0,000543478
 2,498387814	-0,000654960	 0,015342809	 0,006702899	-0,000362319
 2,503465891	-0,000696767	 0,015412487	 0,006702899	-0,000362319
 2,508543968	-0,000738573	 0,015482164	 0,006702899	-0,000362319
 2,513622046	-0,000780380	 0,015551841	 0,006702899	-0,000362319
 2,518699884	-0,000822184	 0,015621516	 0,006702899	-0,000543478
 2,523777962	-0,000863991	 0,015691193	 0,006702899	-0,000543478
 2,528856039	-0,000905797	 0,015760871	 0,006702899	-0,000543478
 2,533934116	-0,000905797	 0,015942030	 0,006702899	-0,000543478
 2,539012194	-0,000905797	 0,016213775	 0,006702899	-0,000543478
 2,544090033	-0,000905797	 0,016485509	 0,006702899	-0,000543478
 2,549168110	-0,000905797	 0,016485509	 0,006884058	-0,000543478
 2,554246187	-0,001086957	 0,016485509	 0,006884058	-0,000543478
 2,559324265	-0,001086957	 0,016345520	 0,006884058	-0,000543478
 2,564402103	-0,001086957	 0,016205538	 0,006884058	-0,000543478
 2,569480181	-0,001086957	 0,016065550	 0,007065217	-0,000543478
 2,574558258	-0,001086957	 0,015925562	 0,007065217	-0,000543478
 2,579636335	-0,001086957	 0,015785573	 0,006884058	-0,000543478
 2,584714174	-0,001086957	 0,015645592	 0,006702899	-0,000543478
 2,589792252	-0,001086957	 0,015505603	 0,006702899	-0,000362319
 2,594870329	-0,001086957	 0,015365615	 0,006702899	-0,000543478
 2,599948406	-0,001086957	 0,015225627	 0,006702899	-0,000543478
 2,605026484	-0,001086957	 0,015085638	 0,006884058	-0,000543478
 2,610104322	-0,001086957	 0,014945657	 0,007065217	-0,000543478
 2,615182400	-0,001086957	 0,014805668	 0,007065217	-0,000543478
 2,620260477	-0,001086957	 0,014665680	 0,007065217	-0,000543478
 2,625338554	-0,001086957	 0,014525692	 0,007065217	-0,000724638
 2,630416393	-0,001086957	 0,014385710	 0,007065217	-0,000724638
 2,635494471	-0,001086957	 0,014245721	 0,007065217	-0,000724638
 2,640572548	-0,001086957	 0,014105733	 0,007065217	-0,000724638
 2,645650625	-0,001086957	 0,013965745	 0,007065217	-0,000724638
 2,650728703	-0,001086957	 0,013825756	 0,007065217	-0,000724638
 2,655806541	-0,001086957	 0,013685775	 0,007065217	-0,000543478
 2,660884619	-0,001086957	 0,013545786	 0,007065217	-0,000543478
 2,665962696	-0,001086957	 0,013405798	 0,007065217	-0,000543478
 2,671040773	-0,001086957	 0,013405798	 0,007065217	-0,000362319
 2,676118612	-0,001086957	 0,013586957	 0,007065217	-0,000362319
 2,681196690	-0,001086957	 0,013768116	 0,007065217	-0,000362319
 2,686274767	-0,000905797	 0,013949276	 0,007065217	-0,000362319
 2,691352844	-0,001086957	 0,014130435	 0,006884058	-0,000362319
 2,696430922	-0,001086957	 0,014311595	 0,007065217	-0,000362319
 2,701508760	-0,001132245	 0,014379527	 0,007065217	-0,000362319
 2,706586838	-0,001177535	 0,014447463	 0,007065217	-0,000362319
 2,711664915	-0,001222826	 0,014515398	 0,007065217	-0,000543478
 2,716742992	-0,001268116	 0,014583334	 0,007065217	-0,000543478
 2,721820831	-0,001313404	 0,014651267	 0,007065217	-0,000543478
 2,726898909	-0,001358695	 0,014719202	 0,007065217	-0,000543478
 2,731976986	-0,001403985	 0,014787138	 0,007065217	-0,000543478
 2,737055063	-0,001449275	 0,014855073	 0,007065217	-0,000543478
 2,742133141	-0,001494566	 0,014923009	 0,007065217	-0,000362319
 2,747210979	-0,001539854	 0,014990941	 0,007065217	-0,000362319
 2,752289057	-0,001585144	 0,015058877	 0,007065217	-0,000362319
 2,757367134	-0,001630435	 0,015126813	 0,006884058	-0,000362319
 2,762445211	-0,001675725	 0,015194748	 0,006702899	-0,000362319
 2,767523050	-0,001721013	 0,015262681	 0,006884058	-0,000362319
 2,772601128	-0,001766304	 0,015330616	 0,007065217	-0,000362319
 2,777679205	-0,001811594	 0,015398552	 0,007065217	-0,000362319
 2,782757282	-0,001708073	 0,015113869	 0,007065217	-0,000362319
 2,787835360	-0,001604552	 0,014829186	 0,007065217	-0,000362319
 2,792913198	-0,001501036	 0,014544516	 0,007065217	-0,000362319
 2,797991276	-0,001397515	 0,014259833	 0,007065217	-0,000543478
 2,803069353	-0,001293994	 0,013975150	 0,007065217	-0,000543478
 2,808147430	-0,001190473	 0,013690468	 0,007065217	-0,000543478
 2,813225269	-0,001086957	 0,013405798	 0,007065217	-0,000543478
 2,818303347	-0,001026570	 0,013285025	 0,007065217	-0,000543478
 2,823381424	-0,000966184	 0,013164252	 0,007065217	-0,000543478
 2,828459501	-0,000905797	 0,013043479	 0,006702899	-0,000362319
 2,833537579	-0,000905797	 0,012862319	 0,006702899	-0,000362319
 2,838615417	-0,000905797	 0,012845851	 0,006702899	-0,000362319
 2,843693495	-0,000905797	 0,012829381	 0,006702899	-0,000543478
 2,848771572	-0,000905797	 0,012812912	 0,006884058	-0,000362319
 2,853849649	-0,000905797	 0,012796443	 0,006702899	-0,000362319
 2,858927488	-0,000905797	 0,012779975	 0,006702899	-0,000362319
 2,864005566	-0,000905797	 0,012763505	 0,006884058	-0,000543478
 2,869083643	-0,000905797	 0,012747036	 0,007065217	-0,000543478
 2,874161720	-0,000905797	 0,012730567	 0,007065217	-0,000543478
 2,879239798	-0,000905797	 0,012714098	 0,007065217	-0,000543478
 2,884317636	-0,000905797	 0,012697629	 0,007065217	-0,000543478
 2,889395714	-0,000905797	 0,012681160	 0,007065217	-0,000724638
 2,894473791	-0,000905797	 0,012500000	 0,007065217	-0,000724638
 2,899551868	-0,000860507	 0,012409419	 0,007065217	-0,000543478
 2,904629707	-0,000815218	 0,012318843	 0,007065217	-0,000543478
 2,909707785	-0,000769928	 0,012228262	 0,007065217	-0,000543478
 2,914785862	-0,000724638	 0,012137681	 0,007065217	-0,000543478
 2,919863939	-0,000905797	 0,012137681	 0,007065217	-0,000543478
 2,924942017	-0,000905797	 0,012137681	 0,006884058	-0,000543478
 2,930019855	-0,000905797	 0,012137681	 0,007065217	-0,000543478
 2,935097933	-0,000905797	 0,012137681	 0,007065217	-0,000543478
 2,940176010	-0,000905797	 0,012137681	 0,007065217	-0,000543478
 2,945254087	-0,000905797	 0,012137681	 0,007065217	-0,000543478
 2,950331926	-0,000905797	 0,012137681	 0,007065217	-0,000543478
 2,955410004	-0,000905797	 0,012137681	 0,007065217	-0,000543478
 2,960488081	-0,000905797	 0,012137681	 0,007065217	-0,000543478
 2,965566158	-0,000905797	 0,012137681	 0,007065217	-0,000543478
 2,970644236	-0,000905797	 0,012137681	 0,007065217	-0,000543478
 2,975722075	-0,001086957	 0,012318841	 0,007065217	-0,000543478
 2,980800152	-0,001026570	 0,012379228	 0,007065217	-0,000543478
 2,985878229	-0,000966184	 0,012439614	 0,007065217	-0,000543478
 2,990956306	-0,000905797	 0,012500000	 0,007065217	-0,000543478
 2,996034145	-0,000905797	 0,012681160	 0,007065217	-0,000543478
 3,001112223	-0,000929952	 0,012741547	 0,007065217	-0,000543478
 3,006190300	-0,000954107	 0,012801934	 0,007065217	-0,000543478
 3,011268377	-0,000978262	 0,012862321	 0,007065217	-0,000362319
 3,016346455	-0,001002416	 0,012922708	 0,006884058	-0,000362319
 3,021424294	-0,001026570	 0,012983092	 0,007065217	-0,000362319
 3,026502371	-0,001050725	 0,013043479	 0,007065217	-0,000362319
 3,031580448	-0,001074880	 0,013103866	 0,007065217	-0,000362319
 3,036658525	-0,001099035	 0,013164253	 0,007065217	-0,000543478
 3,041736364	-0,001123188	 0,013224638	 0,007065217	-0,000543478
 3,046814442	-0,001147343	 0,013285025	 0,007065217	-0,000543478
 3,051892519	-0,001171498	 0,013345412	 0,007065217	-0,000543478
 3,056970596	-0,001195653	 0,013405799	 0,007065217	-0,000543478
 3,062048674	-0,001219807	 0,013466186	 0,007065217	-0,000543478
 3,067126513	-0,001243961	 0,013526570	 0,007065217	-0,000543478
 3,072204590	-0,001268116	 0,013586957	 0,007065217	-0,000543478
 3,077282667	-0,001268116	 0,013586957	 0,007065217	-0,000543478
 3,082360744	-0,001268116	 0,013405798	 0,007065217	-0,000543478
 3,087438583	-0,001207731	 0,013164260	 0,007065217	-0,000543478
 3,092516661	-0,001147344	 0,012922710	 0,007065217	-0,000543478
 3,097594738	-0,001086957	 0,012681160	 0,007065217	-0,000543478
 3,102672815	-0,000905797	 0,012500000	 0,006884058	-0,000362319
 3,107750893	-0,000905797	 0,012318841	 0,006702899	-0,000362319
 3,112828732	-0,000815220	 0,012137686	 0,006702899	-0,000362319
 3,117906809	-0,000724638	 0,011956522	 0,006702899	-0,000362319
 3,122984886	-0,000724638	 0,011956522	 0,006702899	-0,000543478
 3,128062963	-0,000724638	 0,011827121	 0,006702899	-0,000543478
 3,133140802	-0,000724638	 0,011697726	 0,006702899	-0,000543478
 3,138218880	-0,000724638	 0,011568324	 0,006702899	-0,000543478
 3,143296957	-0,000724638	 0,011438923	 0,006702899	-0,000543478
 3,148375034	-0,000724638	 0,011309522	 0,006702899	-0,000543478
 3,153453112	-0,000724638	 0,011180121	 0,006702899	-0,000724638
 3,158530951	-0,000724638	 0,011050725	 0,006702899	-0,000724638
 3,163609028	-0,000815217	 0,011050725	 0,006702899	-0,000724638
 3,168687105	-0,000905797	 0,011050725	 0,006702899	-0,000724638
 3,173765182	-0,000905797	 0,011050725	 0,006702899	-0,000724638
 3,178843021	-0,000905797	 0,011141303	 0,006521740	-0,000724638
 3,183921099	-0,000905797	 0,011231884	 0,006340580	-0,000724638
 3,188999176	-0,000905797	 0,011231884	 0,006340580	-0,000724638
 3,194077253	-0,001086957	 0,011141305	 0,006340580	-0,000724638
 3,199155331	-0,001268116	 0,011050725	 0,005978261	-0,000724638
 3,204233170	-0,001268116	 0,010869565	 0,005978261	-0,000724638
 3,209311247	-0,001358696	 0,010778986	 0,005978261	-0,000905797
 3,214389324	-0,001449275	 0,010688406	 0,005978261	-0,000905797
 3,219467402	-0,001432806	 0,010704876	 0,005978261	-0,000905797
 3,224545240	-0,001416338	 0,010721344	 0,005797102	-0,000905797
 3,229623318	-0,001399868	 0,010737813	 0,005615942	-0,000905797
 3,234701395	-0,001383399	 0,010754282	 0,005615942	-0,001086957
 3,239779472	-0,001366930	 0,010770752	 0,005434783	-0,001086957
 3,244857550	-0,001350461	 0,010787221	 0,005253623	-0,001268116
 3,249935389	-0,001333992	 0,010803689	 0,004891305	-0,001268116
 3,255013466	-0,001317523	 0,010820159	 0,004710145	-0,001268116
 3,260091543	-0,001301054	 0,010836628	 0,004528986	-0,001449275
 3,265169621	-0,001284584	 0,010853097	 0,004166667	-0,001449275
 3,270247459	-0,001268116	 0,010869565	 0,003985507	-0,001630435
 3,275325537	-0,001216356	 0,010947206	 0,003804348	-0,001630435
 3,280403614	-0,001164596	 0,011024846	 0,003442029	-0,001811594
 3,285481691	-0,001112835	 0,011102487	 0,003079710	-0,001992754
 3,290559769	-0,001061075	 0,011180127	 0,002717391	-0,002173913
 3,295637608	-0,001009317	 0,011257764	 0,002355073	-0,002173913
 3,300715685	-0,000957557	 0,011335404	 0,001811594	-0,002355073
 3,305793762	-0,000905797	 0,011413044	 0,001086957	-0,002536232
 3,310871840	-0,000905797	 0,011473432	 0,000362319	-0,002717391
 3,315949678	-0,000905797	 0,011533816	-0,000543478	-0,002898551
 3,321027756	-0,000905797	 0,011594203	-0,001268116	-0,003079710
 3,326105833	-0,000905797	 0,011654591	-0,002173913	-0,003623188
 3,331183910	-0,000905797	 0,011714978	-0,003260870	-0,003985507
 3,336261749	-0,000905797	 0,011775362	-0,004347826	-0,004166667
 3,341339827	-0,000905797	 0,011594203		
 3,361651897	-0,000905797	 0,011413044		
 3,666333437	-0,000905797	 0,009239131		
 3,762815952	-0,000905797	 0,007971015		
 3,767894030	-0,000905797	 0,008152174		
 3,823752165	-0,000905797	 0,007427536		
 4,026873112	-0,000905797	 0,006702899		
 4,062419415	-0,000724638	 0,006702899		
 4,067497253	-0,000724638	 0,006521740		
 4,077653408	-0,000724638	 0,006521740		
 4,082731247	-0,000724638	 0,006521740		
 4,087809563	-0,000724638	 0,006521740		
 4,092887402	-0,000724638	 0,006521740		
 4,097965717	-0,000724638	 0,006521740		
 4,103043556	-0,000724638	 0,006521740		
 4,108121395	-0,000724638	 0,006521740		
 4,118277550	-0,000724638	 0,006521740		
 4,174135685	-0,000905797	 0,006340580		
 4,179214001	-0,000905797	 0,006340580		
 4,184291840	-0,000905797	 0,006340580		
 4,189370155	-0,000905797	 0,006340580		
 4,214759827	-0,000905797	 0,006340580		
 4,235072136	-0,000905797	 0,006340580		
 4,240149975	-0,000905797	 0,006340580		
 5,062789917	-0,000543478	 0,001992754		
 5,067868233	-0,000543478	 0,001992754		
 5,072946072	-0,000543478	 0,001992754		
 5,499500275	-0,000543478	 0,000181159		
 5,545202255	-0,000362319	-0,000000000		
 5,550280571	-0,000362319	-0,000181159		
 5,555358410	-0,000362319	-0,000181159		
 5,677230835	-0,000543478	-0,000181159		
 5,707699299	-0,000543478	-0,000181159		
 5,712777138	-0,000543478	-0,000181159		
 5,717854977	-0,000543478	-0,000181159		
 5,778791428	-0,000362319	-0,000543478		
 5,783869743	-0,000362319	-0,000543478		
 5,788947582	-0,000362319	-0,000543478		
 5,875274181	-0,000362319	-0,000905797		
 5,880352020	-0,000362319	-0,000724638		
 5,895586014	-0,000362319	-0,000724638		
 5,926054001	-0,000362319	-0,000724638		
 5,931132317	-0,000362319	-0,000724638		
 5,936210155	-0,000362319	-0,000543478		
 5,946366310	-0,000362319	-0,000543478		
 5,951444149	-0,000362319	-0,000543478		
 5,961600304	-0,000362319	-0,000724638		
 5,966678143	-0,000362319	-0,000905797		
 5,986990452	-0,000362319	-0,000724638		
 6,022536755	-0,000181159	-0,000543478		
 6,027614594	-0,000181159	-0,000543478		
 6,032692909	-0,000181159	-0,000543478		
 6,037770748	-0,000181159	-0,000543478		
 6,047926903	-0,000181159	-0,000724638		
 6,078394890	 0,000000000	-0,000543478		
 6,083472729	 0,000000000	-0,000543478		
 6,088551044	 0,000000000	-0,000362319		
 6,093628883	 0,000000000	-0,000362319		
 6,098707199	 0,000000000	-0,000362319		
 6,103785038	 0,000000000	-0,000362319		
 6,154565334	-0,000181159	-0,000543478		
 6,159643173	-0,000181159	-0,000543478		
 6,164721489	-0,000181159	-0,000543478		
 6,174877167	-0,000181159	-0,000362319		
 6,195189476	-0,000181159	-0,000181159		
 6,200267315	-0,000181159	-0,000181159		
 6,205345631	-0,000181159	-0,000181159		
 6,210423470	-0,000181159	-0,000181159		
 6,220579624	-0,000181159	-0,000000000		
 6,570963383	-0,000543478	 0,000181159		
 6,576041222	-0,000543478	 0,000181159		
 6,596353531	-0,000543478	-0,000181159		
 6,601431370	-0,000543478	-0,000181159		
 6,758850098	-0,000543478	-0,000905797		
 6,763927937	-0,000543478	-0,000905797		
 6,769006252	-0,000543478	-0,000905797		
 6,880722523	-0,000181159	-0,000905797		
 6,956892967	 0,000181159	-0,000905797		
 6,977205276	 0,000181159	-0,000724638		
 6,982283115	 0,000181159	-0,000543478		
 7,251418591	-0,000543478	 0,000543478		
 7,672894478	-0,015036233	 0,020289855		
 7,794766903	 0,016123189	 0,020833334		
 7,804923058	 0,015398552	 0,019021740		
 7,820157051	 0,012862319	 0,015942030		
 7,835391045	 0,009420291	 0,014130435		
 7,845547199	 0,007608696	 0,011956522		
 7,850625515	 0,006884058	 0,011231884		
 7,855703354	 0,005978261	 0,010326087		
 7,860781193	 0,005072464	 0,009420291		
 7,865859509	 0,003985507	 0,008333334		
 7,870937347	 0,003079710	 0,007427536		
 7,876015663	 0,002173913	 0,006884058		
 7,891249657	 0,000000000	 0,007608696		
 7,957263947	 0,000181159	 0,008152174		
 7,962341785	-0,000362319	 0,007789855		
 8,013122559	-0,009601450	 0,008152174		
 8,018199921	-0,010688406	 0,009057972		
 8,023278236	-0,011775363	 0,009963769		
 8,028356552	-0,012862319	 0,011050725		
 8,150228500	 0,001268116	 0,017572464		
 8,155306816	 0,001449275	 0,015579711		
 8,160385132	 0,002173913	 0,015217392		
 8,170540810	 0,003079710	 0,015398552		
 8,180696487	 0,003804348	 0,016485509		
 8,185774803	 0,004347826	 0,018840581		
 8,261945724	 0,008152174	 0,009057972		
 8,267023087	 0,007608696	 0,007246377		
 8,272101402	 0,006521740	 0,005797102		
 8,277179718	 0,005434783	 0,004710145		
 8,282257080	 0,004166667	 0,003985507		
 8,287335396	 0,002898551	 0,003985507		
 8,292413712	 0,001630435	 0,004347826		
 8,297491074	 0,000543478	 0,005615942		
 8,302569389	-0,000543478	 0,007246377		
 8,368583679	 0,000362319	 0,012681160		
 8,373661995	 0,000362319	 0,012500000		
 8,378740311	 0,000000000	 0,012318841		
 8,383817673	-0,000362319	 0,012137681		
 8,414285660	-0,002355073	 0,011231884		
 8,419363976	-0,002717391	 0,012318841		
 8,429519653	-0,003260870	 0,014492754		
 8,434597969	-0,003804348	 0,015217392		
 8,480299950	-0,008876812	 0,019202899		
 8,485378265	-0,008876812	 0,018478261		
 8,490456581	-0,008876812	 0,017210146		
 8,495533943	-0,009057972	 0,015398552		
 8,597094536	 0,003079710	 0,012500000		
 8,612328529	 0,002173913	 0,013586957		
 8,622485161	 0,002173913	 0,017934782		
 8,627563477	 0,002355073	 0,019384058		
 8,703733444	 0,003804348	 0,010688406		
 8,708811760	 0,003260870	 0,009963769		
 8,713889122	 0,002536232	 0,009420291		
 8,739279747	 0,000000000	 0,007246377		
 8,744358063	-0,000181159	 0,007427536		
 8,754513741	-0,000905797	 0,008876812		
 8,825606346	-0,000362319	 0,008695653		
 8,830683708	-0,000724638	 0,008695653		
 8,835762024	-0,000905797	 0,008695653		
 8,840840340	-0,001086957	 0,008876812		
 8,845917702	-0,001268116	 0,009239131		
 8,850996017	-0,001630435	 0,009782609		
 8,886542320	-0,002173913	 0,012137681		
 8,891620636	-0,002355073	 0,011956522		
 8,896697998	-0,002717391	 0,011413044		
 8,901776314	-0,002898551	 0,011050725		
 8,906854630	-0,003260870	 0,010688406		
 8,911931992	-0,003442029	 0,010869565		
 8,917010307	-0,003985507	 0,011413044		
 8,922088623	-0,004528986	 0,011775362		
 8,927165985	-0,005072464	 0,012318841		
 8,932244301	-0,005434783	 0,012862319		
 9,049038887	 0,000181159	 0,020833334		
 9,054117203	 0,000543478	 0,020289855		
 9,064272881	 0,000905797	 0,020833334		
 9,079506874	 0,001630435	 0,023550725		
 9,084585190	 0,002173913	 0,022463769		
 9,089663506	 0,002536232	 0,020833334		
 9,094740868	 0,003260870	 0,018840581		
 9,109974861	 0,004891305	 0,014673914		
 9,120131493	 0,005253623	 0,013768116		
 9,181067467	 0,004528986	 0,012500000		
 9,186145782	 0,004166667	 0,011775362		
 9,191224098	 0,003804348	 0,011231884		
 9,196301460	 0,003260870	 0,010507246		
 9,242004395	-0,000362319	 0,007246377		
 9,247081757	-0,000543478	 0,007789855		
 9,313096046	-0,000362319	 0,006884058		
 9,318174362	-0,000362319	 0,006702899		
 9,323252678	-0,000362319	 0,006702899		
 9,328330040	-0,000543478	 0,006702899		
 9,333408356	-0,000543478	 0,006702899		
 9,338486671	-0,000905797	 0,006702899		
 9,343564034	-0,001086957	 0,006521740		
 9,348642349	-0,001268116	 0,006340580		
 9,353720665	-0,001630435	 0,006340580		
 9,363876343	-0,002536232	 0,006340580		
 9,368954659	-0,002898551	 0,006340580		
 9,374032974	-0,003442029	 0,006702899		
 9,384188652	-0,004528986	 0,007608696		
 9,389266968	-0,005072464	 0,007971015		
 9,394344330	-0,005434783	 0,008514493		
 9,399422646	-0,005797102	 0,008695653		
 9,485749245	-0,004891305	 0,020833334		
 9,490827560	-0,004528986	 0,020833334		
 9,495904922	-0,004166667	 0,020652175		
 9,500983238	-0,003985507	 0,020108696		
 9,506061554	-0,003442029	 0,019021740		
 9,566997528	 0,003442029	 0,017753623		
 9,572075844	 0,003804348	 0,016847827		
 9,577153206	 0,004166667	 0,016666668		
 9,592387199	 0,006340580	 0,015398552		
 9,597465515	 0,006884058	 0,015036233		
 9,602543831	 0,007065217	 0,014673914		
 9,668558121	 0,005253623	 0,008695653		
 9,673636436	 0,004891305	 0,008514493		
 9,678713799	 0,004166667	 0,008514493		
 9,699026108	 0,001268116	 0,008695653		
 9,704104424	 0,000724638	 0,008514493		
 9,709181786	 0,000181159	 0,008333334		
 9,724415779	-0,000905797	 0,007246377		
 9,790431023	-0,001268116	 0,006884058		
 9,795508385	-0,001449275	 0,006884058		
 9,800586700	-0,001630435	 0,006702899		
 9,805665016	-0,001992754	 0,006702899		
 9,810742378	-0,002355073	 0,006702899		
 9,815820694	-0,002717391	 0,006884058		
 9,820899010	-0,003260870	 0,006884058		
 9,825976372	-0,003623188	 0,006884058		
 9,831054688	-0,004166667	 0,006884058		
 9,836133003	-0,004528986	 0,007246377		
 9,841210365	-0,004891305	 0,007427536		
 9,851366997	-0,005434783	 0,007427536		
 9,856445313	-0,005615942	 0,007608696		
 9,886913300	-0,006521740	 0,009963769		
 9,917381287	-0,006702899	 0,015217392		
 9,922459602	-0,006340580	 0,015760871		
 9,983395576	 0,001086957	 0,016666668		
				
				
				
				
				
				
				
				
				
				
				
				
				
				
				
				
				
				
				
				
				
				
				
				
				
				
				
				
				
				
				
				
				
				
				
				
				
				
				
				
				
				
				
				
				
				
				
				
				
				
				
				
				
				
				
				
				
				
				
				
				
				
				
				
				
				
				
				
				
				
				
				
				
				
				
				
				
				
				
				
				
				
				
				
				
				
				
				
				
				
				
				
				
				
				
				
				
				
				
				
				
				
				
				
				
				
				
				
				
				
				
				
				
				
				
				
				
				
				
				
				
				
				
				
				
				
				
				
				
				
				
				
				
				
				
				
				
				
				
				
				
				
				
				
				
				
				
				
				
				
				
				
				
				
				
				
				
				
				
				
				
				
				
				
				
				
				
				
				
				
				
				
				
				
				
				
				
				
				
				
				
				
				
				
				
				
				
				
				
				
				
				
				
				
				
				
				
				
				
				
				
				
				
				
				
				
				
				
				
				
				
				
				
				
				
				
				
				
				
				
				
				
				
				
				
				
				
				
				
				
				
				
				
				
				
				
				
				
				
				
				
				
				
				
				
				
				
				
				
				
				
				
				
				
				
				
				
				
				
				
				
				
				
				
				
				
				
				
				
				
				
				
				
				
				
				
				
				
				
				
				
				
				
				
				
				
				
				
				
				
				
				
				
				
				
				
				
				
				
				
				
				
				
				
				
				
				
				
				
				
				
				
				
				
				
				
				
				
				
				
				
				
				
				
				
				
				
				
				
				
				
				
				
				
				
				
				
				
				
				
				
				
				
				
				
				
				
				
				
				
				
				
				
				
				
				
				
				
				
				
				
				
				
				
				
				
				
				
				
				
				
				
				
				
				
				
				
				
				
				
				
				
				
				
				
				
				
				
				
				
				
				
				
				
				
				
				
				
				
				
				
				
				
				
				
				
				
				
				
				
				
				
				
				
				
				
				
				
				
				
				
				
				
				
				
				
				
				
				
				
				
				
				
				
				
				
				
				
				
				
				
				
				
				
				
				
				
				
				
				
				
				
				
				
				
				
				
				
				
				
				
				
				
				
				
				
				
				
				
				
				
				
				
				
				
				
				
				
				
				
				
				
				
				
				
				
				
				
				
				
				
				
				
				
				
				
				
				
				
				
				
				
				
				
				
				
				
				
				
				
				
				
				
				
				
				
				
				
				
				
				
				
				
				
				
				
				
				
				
				
				
				
				
				
				
				
				
				
				
				
				
				
				
				
				
				
				
				
				
				
				
				
				
				
				
				
				
				
				
				
				
				
				
				
				
				
				
				
				
				
				
				
				
				
				
				
				
				
				
				
				
				
				
				
				
				
				
				
				
				
				
				
				
				
				
				
				
				
				
				
				
				
				
				
				
				
				
				
				
				
				
				
				
				
				
				
				
				
				
				
				
				
				
				
				
				
				
				
				
				
				
				
				
				
				
				
				
				
				
				
				
				
				
				
				
				
				
				
				
				
				
				
				
				
				
				
				
				
				
				
				
				
				
				
				
				
				
				
				
				
				
				
				
				
				
				
				
				
				
				
				
				
				
				
				
				
				
				
				
				
				
				
				
				
				
				
				
				
				
				
				
				
				
				
				
				
				
				
				
				
				
				
				
				
				
				
				
				
				
				
				
				
				
				
				
				
				
				
				
				
				
				
				
				
				
				
				
				
				
				
				
				
				
				
				
				
				
				
				
				
				
				
				
				
				
				
				
				
				
				
				
				
				
				
				
				
				
				
				
				
				
				
				
				
				
				
				
				
				
				
				
				
				
				
				
				
				
				
				
				
				
				
				
				
				
				
				
				
				
				
				
				
				
				
				
				
				
				
				
				
				
				
				
				
				
				
				
				
				
				
				
				
				
				
				
				
				
				
				
				
				
				
				
				
				
				
				
				
				
				
				
				
				
				
				
				
				
				
				
				
				
				
				
				
				
				
				
				
				
				
				
				
				
				
				
				
				
				
				
				
				
				
				
				
				
				
				
				
				
				
				
				
				
				
				
				
				
				
				
				
				
				
				
				
				
				
				
				
				
				
				
				
				
				
				
				
				
				
				
				
				
				
				
				
				
				
				
				
				
				
				
				
				
				
				
				
				
				
				
				
				
				
				
				
				
				
				
				
				
				
				
				
				
				
				
				
				
				
				
				
				
				
				
				
				
				
				
				
				
				
				
				
				
				
				
				
				
				
				
				
				
				
				
				
				
				
				
				
				
				
				
				
				
				
				
				
				
				
				
				
				
				
				
				
				
				
				
				
				
				
				
				
				
				
				
				
				
				
				
				
				
				
				
				
				
				
				
				
				
				
				
				
				
				
				
				
				
				
				
				
				
				
				
				
				
				
				
				
				
				
				
				
				
				
				
				
				
				
				
				
				
				
				
				
				
				
				
				
				
				
				
				
				
				
				
				
				
				
				
				
				
				
				
				
				
				
				
				
				
				
				
				
				
				
				
				
				
				
				
				 