t	X1	Y1	X2	Y2
s	m	m	m	m
 0,000000000	 0,000000000	-0,000178571	 0,005535714	-0,006607143
 0,005078024	 0,000000000	-0,000178571	 0,005535714	-0,006607143
 0,010156048	 0,000178571	-0,000178571	 0,005357143	-0,006607143
 0,015234073	 0,000000000	-0,000178571	 0,005357143	-0,006607143
 0,020312097	 0,000178571	-0,000178571	 0,005357143	-0,006607143
 0,025390120	 0,000000000	-0,000178571	 0,005357143	-0,006607143
 0,030468145	 0,000000000	-0,000178571	 0,005357143	-0,006607143
 0,035546169	 0,000000000	-0,000178571	 0,005357143	-0,006607143
 0,040624194	 0,000178571	-0,000178571	 0,005357143	-0,006607143
 0,045702219	 0,000000000	-0,000178571	 0,005357143	-0,006607143
 0,050780240	 0,000000000	-0,000178571	 0,005357143	-0,006607143
 0,055858266	 0,000000000	-0,000178571	 0,005535714	-0,006607143
 0,060936291	 0,000178571	-0,000178571	 0,005357143	-0,006607143
 0,066014312	 0,000000000	-0,000178571	 0,005357143	-0,006607143
 0,071092337	 0,000178571	-0,000178571	 0,005357143	-0,006607143
 0,076170363	 0,000178571	-0,000178571	 0,005357143	-0,006607143
 0,081248388	 0,000178571	-0,000178571	 0,005357143	-0,006607143
 0,086326413	 0,000178571	-0,000178571	 0,005357143	-0,006607143
 0,091404438	 0,000178571	-0,000178571	 0,005357143	-0,006607143
 0,096482456	 0,000178571	-0,000178571	 0,005357143	-0,006607143
 0,101560481	 0,000178571	-0,000178571	 0,005178572	-0,006607143
 0,106638506	 0,000178571	-0,000178571	 0,005357143	-0,006607143
 0,111716531	 0,000178571	-0,000178571	 0,005357143	-0,006607143
 0,116794556	 0,000178571	-0,000178571	 0,005357143	-0,006607143
 0,121872582	 0,000178571	-0,000178571	 0,005357143	-0,006607143
 0,126950607	 0,000178571	-0,000178571	 0,005357143	-0,006607143
 0,132028624	 0,000178571	-0,000178571	 0,005357143	-0,006607143
 0,137106657	 0,000178571	-0,000178571	 0,005357143	-0,006607143
 0,142184675	 0,000178571	-0,000178571	 0,005357143	-0,006607143
 0,147262707	 0,000178571	-0,000178571	 0,005357143	-0,006607143
 0,152340725	 0,000178571	-0,000178571	 0,005357143	-0,006607143
 0,157418743	 0,000178571	-0,000178571	 0,005357143	-0,006607143
 0,162496775	 0,000178571	-0,000178571	 0,005357143	-0,006607143
 0,167574793	 0,000178571	-0,000178571	 0,005357143	-0,006607143
 0,172652826	 0,000178571	-0,000178571	 0,005357143	-0,006607143
 0,177730843	 0,000178571	-0,000178571	 0,005535714	-0,006607143
 0,182808876	 0,000178571	-0,000178571	 0,005535714	-0,006607143
 0,187886894	 0,000178571	-0,000178571	 0,005357143	-0,006607143
 0,192964911	 0,000178571	-0,000178571	 0,005357143	-0,006607143
 0,198042944	 0,000178571	-0,000178571	 0,005357143	-0,006607143
 0,203120962	 0,000178571	-0,000178571	 0,005357143	-0,006607143
 0,208198994	 0,000357143	-0,000000000	 0,005357143	-0,006607143
 0,213277012	 0,000357143	-0,000000000	 0,005357143	-0,006607143
 0,218355045	 0,000357143	-0,000000000	 0,005357143	-0,006607143
 0,223433062	 0,000357143	-0,000000000	 0,005357143	-0,006607143
 0,228511080	 0,000357143	-0,000000000	 0,005535714	-0,006607143
 0,233589113	 0,000535714	-0,000000000	 0,005535714	-0,006607143
 0,238667130	 0,000535714	-0,000000000	 0,005535714	-0,006607143
 0,243745163	 0,000535714	 0,000178571	 0,005535714	-0,006607143
 0,248823181	 0,000535714	 0,000178571	 0,005535714	-0,006607143
 0,253901213	 0,000535714	 0,000178571	 0,005535714	-0,006607143
 0,258979231	 0,000535714	 0,000178571	 0,005357143	-0,006607143
 0,264057249	 0,000714286	 0,000357143	 0,005357143	-0,006607143
 0,269135267	 0,000892857	 0,000357143	 0,005357143	-0,006607143
 0,274213314	 0,000892857	 0,000535714	 0,005357143	-0,006607143
 0,279291332	 0,000892857	 0,000535714	 0,005357143	-0,006607143
 0,284369349	 0,001071429	 0,000535714	 0,005357143	-0,006607143
 0,289447367	 0,001071429	 0,000714286	 0,005357143	-0,006607143
 0,294525415	 0,001250000	 0,000892857	 0,005357143	-0,006607143
 0,299603432	 0,001428571	 0,000714286	 0,005357143	-0,006607143
 0,304681450	 0,001428571	 0,000892857	 0,005357143	-0,006607143
 0,309759468	 0,001607143	 0,001250000	 0,005357143	-0,006607143
 0,314837486	 0,001785714	 0,001250000	 0,005357143	-0,006607143
 0,319915533	 0,001964286	 0,001428572	 0,005357143	-0,006607143
 0,324993551	 0,002142857	 0,001607143	 0,005357143	-0,006607143
 0,330071568	 0,002321429	 0,001785714	 0,005357143	-0,006607143
 0,335149586	 0,002500000	 0,001964286	 0,005357143	-0,006607143
 0,340227604	 0,002857143	 0,002142857	 0,005357143	-0,006607143
 0,345305651	 0,003035714	 0,002321429	 0,005357143	-0,006607143
 0,350383669	 0,003392857	 0,002678572	 0,005178572	-0,006607143
 0,355461687	 0,003750000	 0,003035714	 0,005178572	-0,006607143
 0,360539705	 0,004107143	 0,003214286	 0,005178572	-0,006607143
 0,365617752	 0,004464286	 0,003571429	 0,005357143	-0,006607143
 0,370695770	 0,004821429	 0,003928571	 0,005357143	-0,006607143
 0,375773787	 0,005357143	 0,004285715	 0,005357143	-0,006607143
 0,380851805	 0,005714286	 0,004642857	 0,005357143	-0,006607143
 0,385929823	 0,006250000	 0,005178572	 0,005357143	-0,006607143
 0,391007870	 0,006964286	 0,005714286	 0,005357143	-0,006607143
 0,396085888	 0,007500000	 0,006250000	 0,005357143	-0,006607143
 0,401163906	 0,008214286	 0,006250000	 0,005357143	-0,006607143
 0,406241924	 0,008928572	 0,007321429	 0,005357143	-0,006607143
 0,411319971	 0,009821429	 0,008035715	 0,005357143	-0,006607143
 0,416397989	 0,010535714	 0,008750000	 0,005357143	-0,006607143
 0,421476007	 0,011428571	 0,009464286	 0,005357143	-0,006607143
 0,426554024	 0,012500000	 0,010357143	 0,005357143	-0,006607143
 0,431632042	 0,013571429	 0,011428572	 0,005357143	-0,006607143
 0,436710089	 0,014821429	 0,012678572	 0,005357143	-0,006607143
 0,441788107	 0,016071429	 0,014285715	 0,005357143	-0,006607143
 0,446866125	 0,017321428	 0,015892858	 0,005535714	-0,006607143
 0,451944143	 0,018750001	 0,017321430	 0,005535714	-0,006607143
 0,457022160	 0,020357143	 0,018035715	 0,005535714	-0,006607143
 0,462100208	 0,021964291	 0,017946429	 0,005535714	-0,006607143
 0,467178226	 0,023571430	 0,017857144	 0,005535714	-0,006607143
 0,472256243	 0,025178572	 0,017321430	 0,005535714	-0,006607143
 0,477334261	 0,026607143	 0,017321430	 0,005535714	-0,006607143
 0,482412308	 0,025144224	 0,016978022	 0,005535714	-0,006607143
 0,487490326	 0,023681314	 0,016634616	 0,005535714	-0,006607143
 0,492568344	 0,022218404	 0,016291210	 0,005535714	-0,006607143
 0,497646362	 0,020755494	 0,015947803	 0,005535714	-0,006607143
 0,502724409	 0,019292575	 0,015604395	 0,005535714	-0,006607143
 0,507802427	 0,017829665	 0,015260989	 0,005535714	-0,006607143
 0,512880445	 0,016366755	 0,014917583	 0,005535714	-0,006607143
 0,517958462	 0,014903845	 0,014574177	 0,005535714	-0,006607143
 0,523036480	 0,013440935	 0,014230771	 0,005535714	-0,006607143
 0,528114498	 0,011978025	 0,013887364	 0,005535714	-0,006607143
 0,533192515	 0,010515115	 0,013543958	 0,005535714	-0,006607143
 0,538270533	 0,009052204	 0,013200552	 0,005535714	-0,006607143
 0,543348610	 0,007589277	 0,012857142	 0,005535714	-0,006607143
 0,548426628	 0,006126367	 0,012513736	 0,005535714	-0,006607143
 0,553504646	 0,004663457	 0,012170329	 0,005535714	-0,006607143
 0,558582664	 0,003200547	 0,011826923	 0,005535714	-0,006607143
 0,563660681	 0,001737637	 0,011483517	 0,005535714	-0,006607143
 0,568738699	 0,000274727	 0,011140111	 0,005535714	-0,006607143
 0,573816717	-0,001188183	 0,010796705	 0,005535714	-0,006607143
 0,578894734	-0,002651094	 0,010453298	 0,005535714	-0,006607143
 0,583972752	-0,004114004	 0,010109892	 0,005535714	-0,006607143
 0,589050829	-0,005576931	 0,009766482	 0,005535714	-0,006607143
 0,594128847	-0,007039841	 0,009423076	 0,005535714	-0,006607143
 0,599206865	-0,008502751	 0,009079670	 0,005535714	-0,006607143
 0,604284883	-0,009965661	 0,008736264	 0,005535714	-0,006607143
 0,609362900	-0,011428571	 0,008392857	 0,005535714	-0,006607143
 0,614440918	-0,010000000	 0,007202381	 0,005357143	-0,006607143
 0,619518936	-0,008571429	 0,006011905	 0,005535714	-0,006428572
 0,624596953	-0,007142857	 0,004821429	 0,005535714	-0,006607143
 0,629674971	-0,006450894	 0,007611604	 0,005535714	-0,006607143
 0,634753048	-0,005758923	 0,010401811	 0,005535714	-0,006607143
 0,639831066	-0,005066959	 0,013191985	 0,005535714	-0,006607143
 0,644909084	-0,004374996	 0,015982160	 0,005535714	-0,006607143
 0,649987102	-0,003683033	 0,018772335	 0,005535714	-0,006607143
 0,655065119	-0,002991069	 0,021562509	 0,005357143	-0,006607143
 0,660143137	-0,002299106	 0,024352684	 0,005535714	-0,006607143
 0,665221155	-0,001607143	 0,027142858	 0,005535714	-0,006607143
 0,670299172	-0,000535714	 0,028571431	 0,005535714	-0,006607143
 0,675377190	 0,000446427	 0,026964289	 0,005535714	-0,006607143
 0,680455208	 0,001428569	 0,025357148	 0,005535714	-0,006607143
 0,685533285	 0,002410722	 0,023749988	 0,005535714	-0,006607143
 0,690611303	 0,003392864	 0,022142847	 0,005535714	-0,006607143
 0,695689321	 0,004375006	 0,020535706	 0,005535714	-0,006607143
 0,700767338	 0,005357148	 0,018928565	 0,005357143	-0,006607143
 0,705845356	 0,006339289	 0,017321424	 0,005535714	-0,006607143
 0,710923374	 0,007321431	 0,015714282	 0,005535714	-0,006607143
 0,716001391	 0,008303573	 0,014107141	 0,005535714	-0,006607143
 0,721079409	 0,009285714	 0,012500000	 0,005535714	-0,006607143
 0,726157427	 0,009285714	 0,010714286	 0,005535714	-0,006607143
 0,731235504	 0,009464286	 0,010714286	 0,005535714	-0,006607143
 0,736313522	 0,009821429	 0,010892858	 0,005535714	-0,006607143
 0,741391540	 0,009642857	 0,010535715	 0,005535714	-0,006607143
 0,746469557	 0,010267857	 0,012053572	 0,005535714	-0,006607143
 0,751547575	 0,010892857	 0,013571429	 0,005535714	-0,006607143
 0,756625593	 0,011250000	 0,015535715	 0,005535714	-0,006607143
 0,761703610	 0,012500000	 0,015714286	 0,005535714	-0,006607143
 0,766781628	 0,013214285	 0,016964287	 0,005535714	-0,006607143
 0,771859646	 0,014285714	 0,019107144	 0,005357143	-0,006607143
 0,776937723	 0,012594520	 0,018319321	 0,005357143	-0,006607143
 0,782015741	 0,010903346	 0,017531507	 0,005357143	-0,006607143
 0,787093759	 0,009212172	 0,016743693	 0,005357143	-0,006607143
 0,792171776	 0,007520998	 0,015955879	 0,005357143	-0,006607143
 0,797249794	 0,005829824	 0,015168065	 0,005535714	-0,006607143
 0,802327812	 0,004138650	 0,014380250	 0,005535714	-0,006607143
 0,807405829	 0,002447475	 0,013592436	 0,005535714	-0,006607143
 0,812483847	 0,000756301	 0,012804622	 0,005535714	-0,006607143
 0,817561865	-0,000934873	 0,012016808	 0,005535714	-0,006607143
 0,822639942	-0,002626067	 0,011228985	 0,005535714	-0,006607143
 0,827717960	-0,004317241	 0,010441171	 0,005535714	-0,006607143
 0,832795978	-0,006008415	 0,009653357	 0,005357143	-0,006607143
 0,837873995	-0,007699589	 0,008865543	 0,005357143	-0,006607143
 0,842952013	-0,009390764	 0,008077728	 0,005357143	-0,006607143
 0,848030031	-0,011081938	 0,007289914	 0,005357143	-0,006607143
 0,853108048	-0,012773112	 0,006502100	 0,005178572	-0,006607143
 0,858186066	-0,014464286	 0,005714286	 0,005178572	-0,006607143
 0,863264084	-0,013705360	 0,005357144	 0,005178572	-0,006607143
 0,868342102	-0,012946433	 0,005000002	 0,005178572	-0,006607143
 0,873420179	-0,012187498	 0,004642856	 0,005178572	-0,006607143
 0,878498197	-0,011428571	 0,004285715	 0,005178572	-0,006607143
 0,883576214	-0,010714286	 0,002142857	 0,005178572	-0,006607143
 0,888654232	-0,009464286	-0,000000000	 0,005178572	-0,006607143
 0,893732250	-0,008928572	 0,000357143	 0,005178572	-0,006607143
 0,898810267	-0,008385715	 0,000814285	 0,005178572	-0,006607143
 0,903888285	-0,007842859	 0,001271428	 0,005178572	-0,006607143
 0,908966303	-0,007300002	 0,001728570	 0,005178572	-0,006607143
 0,914044321	-0,006757145	 0,002185713	 0,005178572	-0,006607143
 0,919122398	-0,006214282	 0,002642861	 0,005178572	-0,006607143
 0,924200416	-0,005671426	 0,003100003	 0,005178572	-0,006607143
 0,929278433	-0,005128569	 0,003557145	 0,005178572	-0,006607143
 0,934356451	-0,004585712	 0,004014288	 0,005178572	-0,006607143
 0,939434469	-0,004042856	 0,004471430	 0,005178572	-0,006607143
 0,944512486	-0,003499999	 0,004928573	 0,005178572	-0,006607143
 0,949590504	-0,002957142	 0,005385715	 0,005178572	-0,006607143
 0,954668522	-0,002414286	 0,005842858	 0,005178572	-0,006607143
 0,959746540	-0,001871429	 0,006300000	 0,005178572	-0,006607143
 0,964824617	-0,001328566	 0,006757148	 0,005178572	-0,006607143
 0,969902635	-0,000785709	 0,007214290	 0,005178572	-0,006607143
 0,974980652	-0,000242853	 0,007671433	 0,005178572	-0,006607143
 0,980058670	 0,000300004	 0,008128575	 0,005178572	-0,006607143
 0,985136688	 0,000842861	 0,008585718	 0,005178572	-0,006607143
 0,990214705	 0,001385717	 0,009042860	 0,005178572	-0,006607143
 0,995292723	 0,001928574	 0,009500003	 0,005357143	-0,006607143
 1,000370741	 0,002471431	 0,009957145	 0,005357143	-0,006607143
 1,005448818	 0,003014294	 0,010414293	 0,005357143	-0,006607143
 1,010526776	 0,003557144	 0,010871430	 0,005357143	-0,006607143
 1,015604854	 0,004100007	 0,011328578	 0,005357143	-0,006607143
 1,020682812	 0,004642857	 0,011785715	 0,005357143	-0,006607143
 1,025760889	 0,005357143	 0,012857144	 0,005178572	-0,006607143
 1,030838847	 0,004752755	 0,012678575	 0,005178572	-0,006607143
 1,035916924	 0,004148353	 0,012500001	 0,005178572	-0,006607143
 1,040995002	 0,003543951	 0,012321428	 0,005178572	-0,006607143
 1,046072960	 0,002939563	 0,012142859	 0,005178572	-0,006607143
 1,051151037	 0,002335160	 0,011964285	 0,005357143	-0,006607143
 1,056228995	 0,001730773	 0,011785716	 0,005357143	-0,006607143
 1,061307073	 0,001126370	 0,011607143	 0,005357143	-0,006607143
 1,066385031	 0,000521982	 0,011428574	 0,005357143	-0,006607143
 1,071463108	-0,000082420	 0,011250000	 0,005357143	-0,006607143
 1,076541066	-0,000686808	 0,011071431	 0,005535714	-0,006607143
 1,081619143	-0,001291210	 0,010892858	 0,005535714	-0,006607143
 1,086697221	-0,001895612	 0,010714284	 0,005535714	-0,006607143
 1,091775179	-0,002500000	 0,010535715	 0,005535714	-0,006607143
 1,096853256	-0,003104402	 0,010357142	 0,005535714	-0,006607143
 1,101931214	-0,003708790	 0,010178573	 0,005535714	-0,006607143
 1,107009292	-0,004313193	 0,009999999	 0,005535714	-0,006607143
 1,112087250	-0,004917581	 0,009821430	 0,005535714	-0,006607143
 1,117165327	-0,005521983	 0,009642857	 0,005357143	-0,006607143
 1,122243285	-0,006126371	 0,009464288	 0,005357143	-0,006607143
 1,127321362	-0,006730773	 0,009285714	 0,005357143	-0,006607143
 1,132399440	-0,007335175	 0,009107141	 0,005357143	-0,006607143
 1,137477398	-0,007939563	 0,008928572	 0,005357143	-0,006607143
 1,142555475	-0,008543965	 0,008749998	 0,005357143	-0,006607143
 1,147633433	-0,009148353	 0,008571429	 0,005357143	-0,006607143
 1,152711511	-0,009752755	 0,008392856	 0,005535714	-0,006607143
 1,157789469	-0,010357143	 0,008214287	 0,005535714	-0,006607143
 1,162867546	-0,009910710	 0,008125000	 0,005535714	-0,006607143
 1,167945504	-0,009464286	 0,008035715	 0,005535714	-0,006607143
 1,173023582	-0,008571424	 0,011160733	 0,005535714	-0,006607143
 1,178101659	-0,007678561	 0,014285752	 0,005535714	-0,006607143
 1,183179617	-0,006785720	 0,017410697	 0,005535714	-0,006607143
 1,188257694	-0,005892857	 0,020535715	 0,005535714	-0,006607143
 1,193335652	-0,005577735	 0,020241601	 0,005535714	-0,006607143
 1,198413730	-0,005262606	 0,019947480	 0,005535714	-0,006607143
 1,203491688	-0,004947484	 0,019653366	 0,005357143	-0,006607143
 1,208569765	-0,004632354	 0,019359245	 0,005357143	-0,006607143
 1,213647723	-0,004317232	 0,019065131	 0,005535714	-0,006607143
 1,218725801	-0,004002102	 0,018771010	 0,005357143	-0,006607143
 1,223803878	-0,003686973	 0,018476889	 0,005357143	-0,006607143
 1,228881836	-0,003371851	 0,018182775	 0,005357143	-0,006607143
 1,233959913	-0,003056721	 0,017888655	 0,005357143	-0,006607143
 1,239037871	-0,002741599	 0,017594541	 0,005357143	-0,006607143
 1,244115949	-0,002426469	 0,017300420	 0,005357143	-0,006607143
 1,249193907	-0,002111347	 0,017006306	 0,005357143	-0,006607143
 1,254271984	-0,001796218	 0,016712185	 0,005357143	-0,006607143
 1,259349942	-0,001481096	 0,016418071	 0,005357143	-0,006607143
 1,264428020	-0,001165966	 0,016123950	 0,005535714	-0,006607143
 1,269506097	-0,000850836	 0,015829829	 0,005357143	-0,006607143
 1,274584055	-0,000535714	 0,015535715	 0,005357143	-0,006607143
 1,279662132	-0,000178571	 0,016428573	 0,005357143	-0,006607143
 1,284740090	 0,000178571	 0,017142858	 0,005357143	-0,006607143
 1,289818168	 0,000714290	 0,016964285	 0,005357143	-0,006607143
 1,294896126	 0,001249996	 0,016785716	 0,005357143	-0,006607143
 1,299974203	 0,001785714	 0,016607143	 0,005357143	-0,006607143
 1,305052161	 0,002499994	 0,015416676	 0,005357143	-0,006607143
 1,310130239	 0,003214291	 0,014226181	 0,005357143	-0,006607143
 1,315208197	 0,003928571	 0,013035715	 0,005357143	-0,006607143
 1,320286274	 0,003437495	 0,014092273	 0,005357143	-0,006607143
 1,325364351	 0,002946419	 0,015148831	 0,005357143	-0,006607143
 1,330442309	 0,002455354	 0,016205364	 0,005357143	-0,006607143
 1,335520387	 0,001964278	 0,017261922	 0,005357143	-0,006607143
 1,340598345	 0,001473213	 0,018318455	 0,005357143	-0,006607143
 1,345676422	 0,000982137	 0,019375013	 0,005357143	-0,006607143
 1,350754380	 0,000491072	 0,020431547	 0,005357143	-0,006607143
 1,355832458	-0,000000004	 0,021488105	 0,005535714	-0,006607143
 1,360910416	-0,000491069	 0,022544638	 0,005535714	-0,006785715
 1,365988493	-0,000982145	 0,023601196	 0,005535714	-0,006785715
 1,371066570	-0,001473221	 0,024657754	 0,005535714	-0,006785715
 1,376144528	-0,001964286	 0,025714288	 0,005535714	-0,006785715
 1,381222606	-0,002053572	 0,026160721	 0,005535714	-0,006785715
 1,386300564	-0,002142857	 0,026607145	 0,005535714	-0,006785715
 1,391378641	-0,002023809	 0,024047601	 0,005357143	-0,006607143
 1,396456599	-0,001904763	 0,021488117	 0,005357143	-0,006607143
 1,401534677	-0,001785714	 0,018928573	 0,005178572	-0,006607143
 1,406612635	-0,001026795	 0,021249974	 0,005178572	-0,006607143
 1,411690712	-0,000267857	 0,023571430	 0,005178572	-0,006607143
 1,416768789	 0,000491080	 0,025892886	 0,005178572	-0,006607143
 1,421846747	 0,001250000	 0,028214287	 0,005178572	-0,006607143
 1,426924825	 0,001102483	 0,027631983	 0,005178572	-0,006607143
 1,432002783	 0,000954969	 0,027049693	 0,005178572	-0,006607143
 1,437080860	 0,000807452	 0,026467388	 0,005178572	-0,006607143
 1,442158818	 0,000659939	 0,025885098	 0,005178572	-0,006607143
 1,447236896	 0,000512422	 0,025302794	 0,005178572	-0,006607143
 1,452314854	 0,000364908	 0,024720504	 0,005178572	-0,006607143
 1,457392931	 0,000217391	 0,024138199	 0,005357143	-0,006607143
 1,462471008	 0,000069874	 0,023555895	 0,005357143	-0,006607143
 1,467548966	-0,000077639	 0,022973605	 0,005357143	-0,006607143
 1,472627044	-0,000225156	 0,022391301	 0,005357143	-0,006785715
 1,477705002	-0,000372670	 0,021809010	 0,005357143	-0,006607143
 1,482783079	-0,000520187	 0,021226706	 0,005178572	-0,006607143
 1,487861037	-0,000667701	 0,020644416	 0,005178572	-0,006607143
 1,492939115	-0,000815218	 0,020062112	 0,005000000	-0,006428572
 1,498017073	-0,000962731	 0,019479821	 0,005178572	-0,006428572
 1,503095150	-0,001110248	 0,018897517	 0,005178572	-0,006607143
 1,508173227	-0,001257765	 0,018315213	 0,005178572	-0,006607143
 1,513251185	-0,001405279	 0,017732923	 0,005357143	-0,006607143
 1,518329263	-0,001552796	 0,017150619	 0,005357143	-0,006607143
 1,523407221	-0,001700309	 0,016568328	 0,005357143	-0,006607143
 1,528485298	-0,001847826	 0,015986024	 0,005178572	-0,006607143
 1,533563256	-0,001995340	 0,015403734	 0,005178572	-0,006607143
 1,538641334	-0,002142857	 0,014821430	 0,005357143	-0,006607143
 1,543719292	-0,002142857	 0,013928572	 0,005357143	-0,006607143
 1,548797369	-0,002321429	 0,013035715	 0,005535714	-0,006607143
 1,553875446	-0,002321429	 0,012321429	 0,005535714	-0,006607143
 1,558953404	-0,002187502	 0,012782733	 0,005535714	-0,006607143
 1,564031482	-0,002053571	 0,013244048	 0,005357143	-0,006607143
 1,569109440	-0,001919644	 0,013705352	 0,005357143	-0,006607143
 1,574187517	-0,001785714	 0,014166667	 0,005357143	-0,006607143
 1,579265475	-0,001651787	 0,014627972	 0,005535714	-0,006607143
 1,584343553	-0,001517857	 0,015089286	 0,005535714	-0,006607143
 1,589421511	-0,001383930	 0,015550591	 0,005535714	-0,006607143
 1,594499588	-0,001250000	 0,016011906	 0,005535714	-0,006607143
 1,599577665	-0,001116070	 0,016473220	 0,005535714	-0,006607143
 1,604655623	-0,000982143	 0,016934525	 0,005357143	-0,006607143
 1,609733701	-0,000848213	 0,017395840	 0,005357143	-0,006607143
 1,614811659	-0,000714286	 0,017857144	 0,005535714	-0,006607143
 1,619889736	-0,000590658	 0,018118135	 0,005535714	-0,006607143
 1,624967694	-0,000467033	 0,018379121	 0,005535714	-0,006607143
 1,630045772	-0,000343405	 0,018640113	 0,005535714	-0,006607143
 1,635123730	-0,000219781	 0,018901099	 0,005535714	-0,006607143
 1,640201807	-0,000096153	 0,019162090	 0,005535714	-0,006607143
 1,645279884	 0,000027475	 0,019423082	 0,005535714	-0,006607143
 1,650357842	 0,000151100	 0,019684068	 0,005535714	-0,006607143
 1,655435920	 0,000274727	 0,019945060	 0,005535714	-0,006607143
 1,660513878	 0,000398352	 0,020206045	 0,005535714	-0,006607143
 1,665591955	 0,000521980	 0,020467037	 0,005535714	-0,006607143
 1,670669913	 0,000645605	 0,020728023	 0,005535714	-0,006607143
 1,675747991	 0,000769232	 0,020989015	 0,005535714	-0,006607143
 1,680825949	 0,000892857	 0,021250000	 0,005535714	-0,006607143
 1,685904026	 0,001071429	 0,020535715	 0,005535714	-0,006607143
 1,690981984	 0,001250000	 0,019464286	 0,005357143	-0,006607143
 1,696060061	 0,001428571	 0,018571429	 0,005357143	-0,006607143
 1,701138139	 0,001607143	 0,017500000	 0,005535714	-0,006607143
 1,706216097	 0,001607143	 0,016607143	 0,005535714	-0,006607143
 1,711294174	 0,001607143	 0,015714286	 0,005535714	-0,006607143
 1,716372132	 0,001428573	 0,015535716	 0,005535714	-0,006607143
 1,721450210	 0,001249999	 0,015357143	 0,005535714	-0,006607143
 1,726528168	 0,001071429	 0,015178573	 0,005357143	-0,006607143
 1,731606245	 0,000892855	 0,014999999	 0,005357143	-0,006607143
 1,736684203	 0,000714286	 0,014821430	 0,005535714	-0,006607143
 1,741762280	 0,000535714	 0,015892858	 0,005535714	-0,006607143
 1,746840358	 0,000178571	 0,017500000	 0,005535714	-0,006607143
 1,751918316	-0,000178571	 0,019285716	 0,005535714	-0,006607143
 1,756996393	-0,000535714	 0,020892859	 0,005357143	-0,006607143
 1,762074351	-0,001071429	 0,022500001	 0,005357143	-0,006607143
 1,767152429	-0,001250000	 0,023928573	 0,005357143	-0,006607143
 1,772230387	-0,001339285	 0,024285712	 0,005357143	-0,006607143
 1,777308464	-0,001428571	 0,024642859	 0,005357143	-0,006607143
 1,782386422	-0,001517856	 0,024999997	 0,005357143	-0,006607143
 1,787464499	-0,001607143	 0,025357144	 0,005357143	-0,006607143
 1,792542577	-0,001428571	 0,024464287	 0,005178572	-0,006607143
 1,797620535	-0,001428571	 0,023571430	 0,005178572	-0,006607143
 1,802698612	-0,001071429	 0,022500001	 0,005178572	-0,006607143
 1,807776570	-0,001071429	 0,021071430	 0,005178572	-0,006607143
 1,812854648	-0,001227680	 0,020312495	 0,005178572	-0,006607143
 1,817932606	-0,001383928	 0,019553577	 0,005178572	-0,006607143
 1,823010683	-0,001540179	 0,018794642	 0,005357143	-0,006607143
 1,828088641	-0,001696427	 0,018035724	 0,005178572	-0,006607143
 1,833166718	-0,001852678	 0,017276789	 0,005178572	-0,006607143
 1,838244796	-0,002008930	 0,016517854	 0,005178572	-0,006607143
 1,843322754	-0,002165177	 0,015758936	 0,005178572	-0,006607143
 1,848400831	-0,002321429	 0,015000001	 0,005178572	-0,006607143
 1,853478789	-0,002142857	 0,015714286	 0,005178572	-0,006607143
 1,858556867	-0,001785714	 0,016071429	 0,005178572	-0,006607143
 1,863634825	-0,001607143	 0,016785715	 0,005178572	-0,006607143
 1,868712902	-0,001250000	 0,017321430	 0,005178572	-0,006607143
 1,873790860	-0,000892857	 0,018035715	 0,005178572	-0,006607143
 1,878868937	-0,000714286	 0,018750001	 0,005178572	-0,006607143
 1,883947015	-0,000535714	 0,019464286	 0,005178572	-0,006607143
 1,889024973	-0,000357143	 0,019821430	 0,005178572	-0,006607143
 1,894103050	-0,000178571	 0,020178573	 0,005357143	-0,006607143
 1,899181008	-0,000178571	 0,019821430	 0,005357143	-0,006785715
 1,904259086	-0,000357143	 0,019285716	 0,005357143	-0,006785715
 1,909337044	-0,000624997	 0,018839292	 0,005357143	-0,006607143
 1,914415121	-0,000892857	 0,018392857	 0,005357143	-0,006607143
 1,919493079	-0,001190472	 0,018333335	 0,005357143	-0,006607143
 1,924571157	-0,001488093	 0,018273811	 0,005357143	-0,006607143
 1,929649234	-0,001785714	 0,018214287	 0,005357143	-0,006607143
 1,934727192	-0,002008926	 0,018191966	 0,005357143	-0,006607143
 1,939805269	-0,002232143	 0,018169644	 0,005535714	-0,006607143
 1,944883227	-0,002455355	 0,018147323	 0,005535714	-0,006607143
 1,949961305	-0,002678571	 0,018125001	 0,005357143	-0,006607143
 1,955039263	-0,002901783	 0,018102680	 0,005357143	-0,006607143
 1,960117340	-0,003125000	 0,018080358	 0,005357143	-0,006607143
 1,965195298	-0,003348212	 0,018058037	 0,005357143	-0,006607143
 1,970273376	-0,003571429	 0,018035715	 0,005357143	-0,006607143
 1,975351453	-0,003392857	 0,017857144	 0,005535714	-0,006607143
 1,980429411	-0,003392857	 0,017678572	 0,005535714	-0,006607143
 1,985507488	-0,003035714	 0,017142858	 0,005535714	-0,006607143
 1,990585446	-0,002857144	 0,016488101	 0,005535714	-0,006607143
 1,995663524	-0,002678570	 0,015833329	 0,005535714	-0,006607143
 2,000741482	-0,002500000	 0,015178572	 0,005535714	-0,006607143
 2,005819559	-0,001964286	 0,014642858	 0,005535714	-0,006607143
 2,010897636	-0,001607143	 0,014285715	 0,005535714	-0,006607143
 2,015975475	-0,001250000	 0,013928572	 0,005535714	-0,006607143
 2,021053553	-0,000892857	 0,013928572	 0,005535714	-0,006607143
 2,026131630	-0,000714286	 0,013928572	 0,005535714	-0,006607143
 2,031209707	-0,000535714	 0,013750001	 0,005535714	-0,006607143
 2,036287785	-0,000178571	 0,013750001	 0,005535714	-0,006607143
 2,041365623	 0,000000000	 0,013928572	 0,005535714	-0,006607143
 2,046443701	 0,000178571	 0,014107144	 0,005357143	-0,006607143
 2,051521778	 0,000357143	 0,014464286	 0,005535714	-0,006607143
 2,056599855	 0,000535714	 0,015000001	 0,005357143	-0,006428572
 2,061677694	 0,000357143	 0,015714286	 0,005357143	-0,006428572
 2,066755772	 0,000178571	 0,016607143	 0,005357143	-0,006428572
 2,071833849	 0,000000000	 0,017321430	 0,005357143	-0,006428572
 2,076911926	 0,000000000	 0,018035715	 0,005357143	-0,006428572
 2,081990004	-0,000178571	 0,018035715	 0,005357143	-0,006428572
 2,087067842	-0,000357143	 0,018035715	 0,005357143	-0,006428572
 2,092145920	-0,000535714	 0,017857144	 0,005535714	-0,006428572
 2,097223997	-0,000714286	 0,017142858	 0,005535714	-0,006607143
 2,102302074	-0,001071429	 0,016607143	 0,005535714	-0,006607143
 2,107379913	-0,001250000	 0,016250001	 0,005357143	-0,006428572
 2,112457991	-0,001250000	 0,015357143	 0,005357143	-0,006428572
 2,117536068	-0,001428571	 0,014642857	 0,005357143	-0,006428572
 2,122614145	-0,001607143	 0,013928572	 0,005357143	-0,006428572
 2,127692223	-0,001517855	 0,013571421	 0,005357143	-0,006428572
 2,132770061	-0,001428571	 0,013214286	 0,005357143	-0,006428572
 2,137848139	-0,001428571	 0,012500000	 0,005535714	-0,006428572
 2,142926216	-0,001428571	 0,012500000	 0,005535714	-0,006607143
 2,148004293	-0,001250000	 0,012500000	 0,005357143	-0,006428572
 2,153082132	-0,001250000	 0,012857144	 0,005357143	-0,006428572
 2,158160210	-0,001250000	 0,013392858	 0,005357143	-0,006428572
 2,163238287	-0,001071429	 0,014107144	 0,005357143	-0,006428572
 2,168316364	-0,001071429	 0,014821430	 0,005357143	-0,006428572
 2,173394442	-0,000892857	 0,015714286	 0,005535714	-0,006607143
 2,178472281	-0,000892857	 0,016428573	 0,005535714	-0,006607143
 2,183550358	-0,000714286	 0,016785715	 0,005535714	-0,006607143
 2,188628435	-0,000535714	 0,016964287	 0,005535714	-0,006607143
 2,193706512	-0,000535714	 0,017321430	 0,005535714	-0,006607143
 2,198784351	-0,000357143	 0,017500000	 0,005535714	-0,006607143
 2,203862429	-0,000357143	 0,017500000	 0,005535714	-0,006607143
 2,208940506	-0,000178571	 0,017321430	 0,005535714	-0,006607143
 2,214018583	-0,000178571	 0,017142858	 0,005535714	-0,006607143
 2,219096661	-0,000204082	 0,017066327	 0,005535714	-0,006607143
 2,224174500	-0,000229591	 0,016989798	 0,005535714	-0,006607143
 2,229252577	-0,000255102	 0,016913267	 0,005535714	-0,006607143
 2,234330654	-0,000280612	 0,016836735	 0,005535714	-0,006607143
 2,239408731	-0,000306123	 0,016760203	 0,005535714	-0,006607143
 2,244486570	-0,000331632	 0,016683675	 0,005535714	-0,006607143
 2,249564648	-0,000357143	 0,016607143	 0,005535714	-0,006607143
 2,254642725	-0,000357143	 0,016607143	 0,005535714	-0,006607143
 2,259720802	-0,000535714	 0,016250001	 0,005535714	-0,006607143
 2,264798880	-0,000535714	 0,015892858	 0,005535714	-0,006607143
 2,269876719	-0,000892857	 0,015357143	 0,005535714	-0,006607143
 2,274954796	-0,000928572	 0,014857139	 0,005535714	-0,006607143
 2,280032873	-0,000964286	 0,014357134	 0,005535714	-0,006607143
 2,285110950	-0,001000001	 0,013857129	 0,005535714	-0,006785715
 2,290188789	-0,001035714	 0,013357148	 0,005535714	-0,006785715
 2,295266867	-0,001071429	 0,012857144	 0,005535714	-0,006785715
 2,300344944	-0,001071429	 0,011964287	 0,005535714	-0,006607143
 2,305423021	-0,001071429	 0,011607143	 0,005535714	-0,006607143
 2,310501099	-0,001071429	 0,011428572	 0,005535714	-0,006607143
 2,315578938	-0,001071429	 0,011250000	 0,005535714	-0,006607143
 2,320657015	-0,000892857	 0,011250000	 0,005535714	-0,006607143
 2,325735092	-0,000892857	 0,011250000	 0,005535714	-0,006607143
 2,330813169	-0,000892857	 0,011428572	 0,005535714	-0,006607143
 2,335891008	-0,000892857	 0,011785715	 0,005535714	-0,006607143
 2,340969086	-0,000982143	 0,012232143	 0,005535714	-0,006607143
 2,346047163	-0,001071429	 0,012678572	 0,005535714	-0,006607143
 2,351125240	-0,001250000	 0,013214286	 0,005357143	-0,006607143
 2,356203318	-0,001250000	 0,013928572	 0,005535714	-0,006607143
 2,361281157	-0,001250000	 0,014464286	 0,005535714	-0,006607143
 2,366359234	-0,001428571	 0,015000001	 0,005535714	-0,006607143
 2,371437311	-0,001428571	 0,015535715	 0,005535714	-0,006607143
 2,376515388	-0,001428571	 0,015892858	 0,005535714	-0,006607143
 2,381593227	-0,001428571	 0,016071429	 0,005535714	-0,006607143
 2,386671305	-0,001428571	 0,016071429	 0,005535714	-0,006607143
 2,391749382	-0,001428571	 0,016071429	 0,005357143	-0,006428572
 2,396827459	-0,001428571	 0,015892858	 0,005357143	-0,006428572
 2,401905537	-0,001428571	 0,015714286	 0,005357143	-0,006428572
 2,406983376	-0,001250000	 0,015178572	 0,005357143	-0,006428572
 2,412061453	-0,001250000	 0,015000001	 0,005357143	-0,006428572
 2,417139530	-0,001250000	 0,014464286	 0,005357143	-0,006428572
 2,422217607	-0,001250000	 0,014107144	 0,005357143	-0,006428572
 2,427295446	-0,001250000	 0,013928572	 0,005357143	-0,006428572
 2,432373524	-0,001071429	 0,013571429	 0,005357143	-0,006428572
 2,437451601	-0,001071429	 0,013392858	 0,005357143	-0,006428572
 2,442529678	-0,001071429	 0,013214286	 0,005535714	-0,006428572
 2,447607756	-0,000892857	 0,012857144	 0,005535714	-0,006607143
 2,452685595	-0,000892857	 0,012857144	 0,005535714	-0,006607143
 2,457763672	-0,000892857	 0,012678572	 0,005535714	-0,006607143
 2,462841749	-0,000714286	 0,012857144	 0,005535714	-0,006607143
 2,467919827	-0,000714286	 0,012857144	 0,005535714	-0,006607143
 2,472997665	-0,000535714	 0,013035715	 0,005535714	-0,006607143
 2,478075743	-0,000535714	 0,013214286	 0,005535714	-0,006607143
 2,483153820	-0,000535714	 0,013571429	 0,005535714	-0,006607143
 2,488231897	-0,000535714	 0,013750001	 0,005535714	-0,006607143
 2,493309975	-0,000535714	 0,013571429	 0,005535714	-0,006428572
 2,498387814	-0,000535714	 0,013750001	 0,005535714	-0,006428572
 2,503465891	-0,000535714	 0,013750001	 0,005535714	-0,006428572
 2,508543968	-0,000535714	 0,013750001	 0,005535714	-0,006428572
 2,513622046	-0,000714286	 0,013750001	 0,005535714	-0,006607143
 2,518699884	-0,000714286	 0,013750001	 0,005535714	-0,006607143
 2,523777962	-0,000714286	 0,013571429	 0,005535714	-0,006607143
 2,528856039	-0,000714286	 0,013571429	 0,005714286	-0,006607143
 2,533934116	-0,000892857	 0,013392858	 0,005714286	-0,006607143
 2,539012194	-0,000892857	 0,013214286	 0,005714286	-0,006607143
 2,544090033	-0,000892857	 0,013214286	 0,005714286	-0,006607143
 2,549168110	-0,000892857	 0,013035715	 0,005714286	-0,006607143
 2,554246187	-0,000892857	 0,012857144	 0,005714286	-0,006607143
 2,559324265	-0,000892857	 0,012678572	 0,005714286	-0,006607143
 2,564402103	-0,001071429	 0,012500000	 0,005714286	-0,006607143
 2,569480181	-0,001071429	 0,012321429	 0,005714286	-0,006607143
 2,574558258	-0,001071429	 0,012142858	 0,005535714	-0,006607143
 2,579636335	-0,001071429	 0,011964287	 0,005535714	-0,006607143
 2,584714174	-0,001071429	 0,011785715	 0,005535714	-0,006607143
 2,589792252	-0,001071429	 0,011607143	 0,005535714	-0,006607143
 2,594870329	-0,001071429	 0,011428572	 0,005535714	-0,006607143
 2,599948406	-0,001071429	 0,011250000	 0,005535714	-0,006607143
 2,605026484	-0,001071429	 0,011071429	 0,005714286	-0,006607143
 2,610104322	-0,001071429	 0,010892858	 0,005535714	-0,006607143
 2,615182400	-0,000892857	 0,010714286	 0,005535714	-0,006607143
 2,620260477	-0,000892857	 0,010714286	 0,005535714	-0,006607143
 2,625338554	-0,000714286	 0,010714286	 0,005535714	-0,006607143
 2,630416393	-0,000714286	 0,010714286	 0,005535714	-0,006607143
 2,635494471	-0,000535714	 0,010892858	 0,005535714	-0,006607143
 2,640572548	-0,000535714	 0,011250000	 0,005535714	-0,006607143
 2,645650625	-0,000535714	 0,011607143	 0,005535714	-0,006607143
 2,650728703	-0,000535714	 0,011607143	 0,005535714	-0,006607143
 2,655806541	-0,000535714	 0,011785715	 0,005535714	-0,006607143
 2,660884619	-0,000357143	 0,011964287	 0,005357143	-0,006428572
 2,665962696	-0,000357143	 0,011964287	 0,005357143	-0,006428572
 2,671040773	-0,000357143	 0,012142858	 0,005357143	-0,006428572
 2,676118612	-0,000357143	 0,012500000	 0,005357143	-0,006428572
 2,681196690	-0,000535714	 0,012678572	 0,005357143	-0,006428572
 2,686274767	-0,000357143	 0,012857144	 0,005357143	-0,006428572
 2,691352844	-0,000535714	 0,012857144	 0,005357143	-0,006607143
 2,696430922	-0,000714286	 0,013035715	 0,005535714	-0,006607143
 2,701508760	-0,000714286	 0,013214286	 0,005535714	-0,006607143
 2,706586838	-0,000714286	 0,013392858	 0,005535714	-0,006607143
 2,711664915	-0,000892857	 0,013571429	 0,005535714	-0,006607143
 2,716742992	-0,000892857	 0,013392858	 0,005535714	-0,006607143
 2,721820831	-0,000892857	 0,013214286	 0,005357143	-0,006607143
 2,726898909	-0,000892857	 0,013035715	 0,005357143	-0,006607143
 2,731976986	-0,000892857	 0,013035715	 0,005357143	-0,006607143
 2,737055063	-0,000892857	 0,013035715	 0,005357143	-0,006607143
 2,742133141	-0,001071429	 0,012857144	 0,005357143	-0,006607143
 2,747210979	-0,000892857	 0,012500000	 0,005357143	-0,006607143
 2,752289057	-0,000892857	 0,012321429	 0,005178572	-0,006607143
 2,757367134	-0,000892857	 0,011964287	 0,005178572	-0,006607143
 2,762445211	-0,000892857	 0,011607143	 0,005178572	-0,006607143
 2,767523050	-0,000892857	 0,011428572	 0,005178572	-0,006607143
 2,772601128	-0,000714286	 0,011071429	 0,005178572	-0,006607143
 2,777679205	-0,000892857	 0,010892858	 0,005178572	-0,006607143
 2,782757282	-0,000714286	 0,010892858	 0,005178572	-0,006607143
 2,787835360	-0,000535714	 0,011250000	 0,005178572	-0,006785715
 2,792913198	-0,000714286	 0,011250000	 0,005000000	-0,006785715
 2,797991276	-0,000535714	 0,011250000	 0,005000000	-0,006785715
 2,803069353	-0,000714286	 0,011428572	 0,005000000	-0,006785715
 2,808147430	-0,000535714	 0,011250000	 0,005000000	-0,006964286
 2,813225269	-0,000535714	 0,011250000	 0,004821429	-0,006964286
 2,818303347	-0,000535714	 0,011250000	 0,004821429	-0,006964286
 2,823381424	-0,000535714	 0,011250000	 0,004642857	-0,006964286
 2,828459501	-0,000535714	 0,011428572	 0,004642857	-0,006964286
 2,833537579	-0,000535714	 0,011428572	 0,004642857	-0,006964286
 2,838615417	-0,000535714	 0,011428572	 0,004285714	-0,007142858
 2,843693495	-0,000535714	 0,011428572	 0,004285714	-0,007142858
 2,848771572	-0,000535714	 0,011428572	 0,004285714	-0,007321429
 2,853849649	-0,000535714	 0,011428572	 0,003928571	-0,007321429
 2,858927488	-0,000714286	 0,011071429	 0,003750000	-0,007321429
 2,864005566	-0,000714286	 0,010892858	 0,003571429	-0,007500000
 2,869083643	-0,000714286	 0,011071429	 0,003214286	-0,007500000
 2,874161720	-0,000892857	 0,011428572	 0,003035714	-0,007678572
 2,879239798	-0,000892857	 0,011428572	 0,002857143	-0,007678572
 2,884317636	-0,000892857	 0,011428572	 0,002500000	-0,007857143
 2,889395714	-0,000892857	 0,011071429	 0,002321429	-0,008035715
 2,894473791	-0,000892857	 0,010892858	 0,001785714	-0,008035715
 2,899551868	-0,000892857	 0,010892858	 0,001250000	-0,008214287
 2,904629707	-0,000892857	 0,010892858	 0,000714286	-0,008392857
 2,909707785	-0,001071429	 0,010892858	 0,000000000	-0,008571429
 2,914785862	-0,001071429	 0,010892858	-0,000535714	-0,008750000
 2,919863939	-0,001071429	 0,010714286	-0,001250000	-0,008928572
 2,924942017	-0,001071429	 0,010535715	-0,002142857	-0,009107144
 2,930019855	-0,001071429	 0,010535715	-0,002857143	-0,009464286
 2,935097933	-0,000892857	 0,010357143	-0,003750000	-0,009642858
 2,940176010	-0,000892857	 0,010178572	-0,004821429	-0,010178572
 2,945254087	-0,000892857	 0,010178572	-0,005892857	-0,010357143
 2,950331926	-0,000892857	 0,010178572	-0,006964286	-0,010892858
 2,955410004	-0,000892857	 0,010000001	-0,008571428	-0,011250000
 2,960488081	-0,000892857	 0,010000001		
 2,965566158	-0,000714286	 0,009821429		
 2,970644236	-0,000714286	 0,009821429		
 2,975722075	-0,000714286	 0,010000001		
 2,980800152	-0,000714286	 0,010178572		
 2,985878229	-0,000535714	 0,010357143		
 2,990956306	-0,000535714	 0,010535715		
 2,996034145	-0,000535714	 0,010714286		
 3,001112223	-0,000535714	 0,010892858		
 3,006190300	-0,000535714	 0,010892858		
 3,011268377	-0,000535714	 0,010714286		
 3,016346455	-0,000714286	 0,010714286		
 3,021424294	-0,000714286	 0,010892858		
 3,026502371	-0,000535714	 0,010714286		
 3,031580448	-0,000714286	 0,010714286		
 3,036658525	-0,000535714	 0,010535715		
 3,041736364	-0,000535714	 0,010535715		
 3,046814442	-0,000714286	 0,010357143		
 3,051892519	-0,000535714	 0,010357143		
 3,056970596	-0,000535714	 0,010535715		
 3,062048674	-0,000714286	 0,010357143		
 3,067126513	-0,000714286	 0,010357143		
 3,072204590	-0,000714286	 0,010000001		
 3,077282667	-0,000714286	 0,010000001		
 3,082360744	-0,000714286	 0,009642858		
 3,087438583	-0,000714286	 0,009642858		
 3,092516661	-0,000714286	 0,009642858		
 3,097594738	-0,000892857	 0,009464286		
 3,102672815	-0,000892857	 0,009285714		
 3,107750893	-0,000892857	 0,009107144		
 3,112828732	-0,000892857	 0,009107144		
 3,117906809	-0,000892857	 0,008928572		
 3,122984886	-0,000892857	 0,008928572		
 3,128062963	-0,000892857	 0,008928572		
 3,133140802	-0,000892857	 0,008928572		
 3,138218880	-0,000892857	 0,008928572		
 3,143296957	-0,000892857	 0,008928572		
 3,148375034	-0,000892857	 0,008928572		
 3,153453112	-0,000714286	 0,008928572		
 3,158530951	-0,000535714	 0,008928572		
 3,163609028	-0,000535714	 0,008928572		
 3,168687105	-0,000535714	 0,009107144		
 3,173765182	-0,000535714	 0,009107144		
 3,178843021	-0,000535714	 0,009107144		
 3,183921099	-0,000535714	 0,009107144		
 3,188999176	-0,000535714	 0,009107144		
 3,194077253	-0,000535714	 0,009107144		
 3,199155331	-0,000714286	 0,009107144		
 3,204233170	-0,000714286	 0,009107144		
 3,209311247	-0,000714286	 0,009285714		
 3,214389324	-0,000714286	 0,009285714		
 3,219467402	-0,000714286	 0,009285714		
 3,224545240	-0,000714286	 0,009285714		
 3,229623318	-0,000535714	 0,009107144		
 3,234701395	-0,000535714	 0,008928572		
 3,239779472	-0,000535714	 0,008928572		
 3,244857550	-0,000535714	 0,008750000		
 3,249935389	-0,000535714	 0,008750000		
 3,255013466	-0,000535714	 0,008571429		
 3,260091543	-0,000714286	 0,008392857		
 3,265169621	-0,000714286	 0,008392857		
 3,270247459	-0,000714286	 0,008214287		
 3,275325537	-0,000535714	 0,008214287		
 3,280403614	-0,000535714	 0,008214287		
 3,285481691	-0,000535714	 0,008392857		
 3,290559769	-0,000714286	 0,008392857		
 3,295637608	-0,000714286	 0,008392857		
 3,300715685	-0,000535714	 0,008571429		
 3,305793762	-0,000535714	 0,008750000		
 3,310871840	-0,000714286	 0,008750000		
 3,315949678	-0,000714286	 0,008750000		
 3,321027756	-0,000714286	 0,008750000		
 3,326105833	-0,000714286	 0,008571429		
 3,331183910	-0,000535714	 0,008392857		
 3,336261749	-0,000535714	 0,008392857		
 3,341339827	-0,000535714	 0,008571429		
 3,346417904	-0,000535714	 0,008928572		
 3,351495981	-0,000714286	 0,008928572		
 3,356574059	-0,000714286	 0,008750000		
 3,361651897	-0,000714286	 0,008750000		
 3,366729975	-0,000714286	 0,008392857		
 3,371808052	-0,000714286	 0,008392857		
 3,376886129	-0,000714286	 0,008392857		
 3,381963968	-0,000535714	 0,008392857		
 3,387042046	-0,000535714	 0,008392857		
 3,392120123	-0,000714286	 0,008214287		
 3,397198200	-0,000714286	 0,008214287		
 3,402276278	-0,000714286	 0,008035715		
 3,407354116	-0,000714286	 0,008035715		
 3,422588348	-0,000892857	 0,007142858		
 3,427666187	-0,000714286	 0,007321429		
 3,432744265	-0,000714286	 0,007321429		
 3,437822342	-0,000714286	 0,007500000		
 3,442900419	-0,000714286	 0,007321429		
 3,447978497	-0,000535714	 0,007321429		
 3,453056335	-0,000535714	 0,007321429		
 3,458134413	-0,000357143	 0,007321429		
 3,463212490	-0,000357143	 0,007321429		
 3,468290567	-0,000357143	 0,007500000		
 3,473368406	-0,000357143	 0,007500000		
 3,478446484	-0,000357143	 0,007678572		
 3,483524561	-0,000535714	 0,007678572		
 3,488602638	-0,000357143	 0,007500000		
 3,493680716	-0,000535714	 0,007500000		
 3,498758554	-0,000357143	 0,007321429		
 3,503836632	-0,000357143	 0,006964286		
 3,508914709	-0,000357143	 0,007142858		
 3,513992786	-0,000357143	 0,007142858		
 3,519070625	-0,000357143	 0,007321429		
 3,524148703	-0,000357143	 0,007321429		
 3,529226780	-0,000357143	 0,007500000		
 3,534304857	-0,000357143	 0,007500000		
 3,539382935	-0,000357143	 0,007321429		
 3,544460773	-0,000535714	 0,007142858		
 3,549538851	-0,000535714	 0,007321429		
 3,554616928	-0,000535714	 0,007500000		
 3,559695005	-0,000535714	 0,007500000		
 3,564772844	-0,000535714	 0,007321429		
 3,569850922	-0,000535714	 0,007321429		
 3,574928999	-0,000535714	 0,007142858		
 3,580007076	-0,000535714	 0,006964286		
 3,585085154	-0,000535714	 0,006964286		
 3,590162992	-0,000535714	 0,007142858		
 3,595241070	-0,000714286	 0,006964286		
 3,600319147	-0,000714286	 0,006964286		
 3,605397224	-0,000535714	 0,006964286		
 3,610475063	-0,000535714	 0,006785715		
 3,615553141	-0,000535714	 0,006785715		
 3,620631218	-0,000535714	 0,006785715		
 3,625709295	-0,000535714	 0,006964286		
 3,630787373	-0,000357143	 0,006785715		
 3,635865211	-0,000357143	 0,006785715		
 3,640943289	-0,000357143	 0,006607143		
 3,646021366	-0,000357143	 0,006607143		
 3,651099443	-0,000357143	 0,006607143		
 3,656177282	-0,000357143	 0,006607143		
 3,661255360	-0,000357143	 0,006607143		
 3,666333437	-0,000357143	 0,006250000		
 3,671411514	-0,000357143	 0,006428572		
 3,676489592	-0,000357143	 0,006428572		
 3,681567430	-0,000357143	 0,006607143		
 3,686645508	-0,000357143	 0,006607143		
 3,691723585	-0,000357143	 0,006607143		
 3,696801662	-0,000357143	 0,006607143		
 3,701879501	-0,000357143	 0,006607143		
 3,706957579	-0,000357143	 0,006607143		
 3,712035656	-0,000357143	 0,006607143		
 3,717113733	-0,000357143	 0,006607143		
 3,722191811	-0,000357143	 0,006607143		
 3,727269650	-0,000357143	 0,006785715		
 3,732347727	-0,000357143	 0,006785715		
 3,737425804	-0,000357143	 0,006607143		
 3,742503881	-0,000535714	 0,006607143		
 3,747581720	-0,000357143	 0,006428572		
 3,752659798	-0,000357143	 0,006250000		
 3,757737875	-0,000357143	 0,006428572		
 3,762815952	-0,000357143	 0,006250000		
 3,767894030	-0,000535714	 0,006071429		
 3,772971869	-0,000357143	 0,006071429		
 3,778049946	-0,000357143	 0,005892857		
 3,783128023	-0,000357143	 0,005892857		
 3,788206100	-0,000357143	 0,005714286		
 3,793283939	-0,000357143	 0,005535714		
 3,798362017	-0,000357143	 0,005535714		
 3,803440094	-0,000357143	 0,005535714		
 3,808518171	-0,000357143	 0,005535714		
 3,813596249	-0,000357143	 0,005714286		
 3,818674088	-0,000357143	 0,005714286		
 3,823752165	-0,000357143	 0,005714286		
 3,828830242	-0,000357143	 0,005714286		
 3,838986158	-0,000357143	 0,005714286		
 3,844064236	-0,000535714	 0,005714286		
 3,849142313	-0,000535714	 0,005714286		
 3,854220390	-0,000535714	 0,005714286		
 3,859298468	-0,000357143	 0,005714286		
 3,864376307	-0,000357143	 0,005714286		
 3,869454384	-0,000357143	 0,005714286		
 3,874532461	-0,000357143	 0,005714286		
 3,879610538	-0,000535714	 0,005714286		
 3,884688377	-0,000535714	 0,005714286		
 3,889766455	-0,000535714	 0,005714286		
 3,894844532	-0,000535714	 0,005714286		
 3,899922609	-0,000535714	 0,005535714		
 3,905000687	-0,000357143	 0,005535714		
 3,910078526	-0,000535714	 0,005357143		
 3,915156603	-0,000535714	 0,005535714		
 3,920234680	-0,000535714	 0,005714286		
 3,925312757	-0,000357143	 0,005714286		
 3,930390596	-0,000535714	 0,005714286		
 3,935468674	-0,000357143	 0,005714286		
 3,940546751	-0,000535714	 0,005714286		
 3,945624828	-0,000357143	 0,005535714		
 3,950702906	-0,000357143	 0,005714286		
 3,955780745	-0,000357143	 0,005535714		
 3,960858822	-0,000357143	 0,005178572		
 3,965936899	-0,000357143	 0,005178572		
 3,971014977	-0,000357143	 0,005178572		
 3,976092815	-0,000357143	 0,005178572		
 3,981170893	-0,000357143	 0,005178572		
 3,986248970	-0,000357143	 0,005178572		
 3,991327047	-0,000357143	 0,005178572		
 3,996405125	-0,000357143	 0,005000000		
 4,001482964	-0,000357143	 0,005000000		
 4,006561279	-0,000357143	 0,005000000		
 4,011639118	-0,000357143	 0,005000000		
 4,016716957	-0,000357143	 0,005000000		
 4,021795273	-0,000535714	 0,005000000		
 4,026873112	-0,000535714	 0,005000000		
 4,031950951	-0,000535714	 0,005178572		
 4,037029266	-0,000357143	 0,004821429		
 4,042107105	-0,000535714	 0,004821429		
 4,047185421	-0,000535714	 0,004642857		
 4,052263260	-0,000535714	 0,004642857		
 4,057341099	-0,000535714	 0,004821429		
 4,062419415	-0,000535714	 0,004821429		
 4,067497253	-0,000535714	 0,004821429		
 4,072575569	-0,000535714	 0,004642857		
 4,077653408	-0,000535714	 0,004821429		
 4,082731247	-0,000535714	 0,004642857		
 4,087809563	-0,000535714	 0,004642857		
 4,092887402	-0,000714286	 0,004464286		
 4,097965717	-0,000714286	 0,004464286		
 4,103043556	-0,000714286	 0,004464286		
 4,108121395	-0,000535714	 0,004464286		
 4,113199711	-0,000535714	 0,004464286		
 4,118277550	-0,000535714	 0,004464286		
 4,123355389	-0,000535714	 0,004285715		
 4,128433704	-0,000535714	 0,004107143		
 4,133511543	-0,000535714	 0,003928571		
 4,138589859	-0,000357143	 0,003928571		
 4,143667698	-0,000535714	 0,003928571		
 4,148745537	-0,000357143	 0,003750000		
 4,153823853	-0,000357143	 0,004107143		
 4,158901691	-0,000357143	 0,004107143		
 4,163980007	-0,000357143	 0,003928571		
 4,169057846	-0,000178571	 0,003928571		
 4,174135685	-0,000357143	 0,004107143		
 4,179214001	-0,000357143	 0,004464286		
 4,184291840	-0,000357143	 0,004285715		
 4,189370155	-0,000357143	 0,004285715		
 4,194447994	-0,000357143	 0,004285715		
 4,199525833	-0,000357143	 0,004285715		
 4,204604149	-0,000357143	 0,004285715		
 4,209681988	-0,000357143	 0,004107143		
 4,214759827	-0,000357143	 0,004107143		
 4,219838142	-0,000357143	 0,004107143		
 4,224915981	-0,000357143	 0,004107143		
 4,229994297	-0,000357143	 0,004107143		
 4,235072136	-0,000357143	 0,004107143		
 4,240149975	-0,000357143	 0,004107143		
 4,245228291	-0,000357143	 0,004107143		
 4,250306129	-0,000357143	 0,004107143		
 4,255384445	-0,000357143	 0,003928571		
 4,260462284	-0,000357143	 0,003750000		
 4,265540123	-0,000357143	 0,003750000		
 4,270618439	-0,000357143	 0,003750000		
 4,275696278	-0,000357143	 0,003750000		
 4,280774593	-0,000357143	 0,003750000		
 4,285852432	-0,000535714	 0,003750000		
 4,296008587	-0,000357143	 0,003392857		
 4,301086426	-0,000357143	 0,003214286		
 4,306164265	-0,000357143	 0,003214286		
 4,311242580	-0,000357143	 0,003214286		
 4,316320419	-0,000535714	 0,003392857		
 4,321398735	-0,000535714	 0,003392857		
 4,326476574	-0,000535714	 0,003214286		
 4,331554413	-0,000357143	 0,003214286		
 4,336632729	-0,000357143	 0,003035714		
 4,341710567	-0,000357143	 0,003035714		
 4,346788883	-0,000357143	 0,003035714		
 4,351866722	-0,000357143	 0,003035714		
 4,356944561	-0,000357143	 0,003035714		
 4,362022877	-0,000357143	 0,003214286		
 4,367100716	-0,000178571	 0,003214286		
 4,372179031	-0,000357143	 0,003035714		
 4,377256870	-0,000357143	 0,003214286		
 4,382334709	-0,000357143	 0,003214286		
 4,387413025	-0,000357143	 0,003214286		
 4,392490864	-0,000357143	 0,003035714		
 4,397568703	-0,000357143	 0,002857143		
 4,402647018	-0,000357143	 0,002857143		
 4,407724857	-0,000357143	 0,002678572		
 4,412803173	-0,000357143	 0,002857143		
 4,417881012	-0,000357143	 0,002857143		
 4,422958851	-0,000357143	 0,002678572		
 4,428037167	-0,000357143	 0,002857143		
 4,433115005	-0,000357143	 0,002678572		
 4,438193321	-0,000357143	 0,002857143		
 4,443271160	-0,000357143	 0,002857143		
 4,448348999	-0,000535714	 0,002857143		
 4,453427315	-0,000357143	 0,002857143		
 4,458505154	-0,000357143	 0,002857143		
 4,463582993	-0,000357143	 0,002857143		
 4,468661308	-0,000357143	 0,003035714		
 4,473739147	-0,000357143	 0,003035714		
 4,478817463	-0,000357143	 0,003214286		
 4,483895302	-0,000357143	 0,003035714		
 4,488973141	-0,000178571	 0,002857143		
 4,494051456	-0,000178571	 0,002857143		
 4,499129295	-0,000178571	 0,002857143		
 4,504207611	-0,000357143	 0,002678572		
 4,509285450	-0,000178571	 0,002678572		
 4,514363289	-0,000178571	 0,002678572		
 4,519441605	-0,000357143	 0,002500000		
 4,524519444	-0,000178571	 0,002500000		
 4,529597759	-0,000178571	 0,002500000		
 4,534675598	-0,000178571	 0,002678572		
 4,539753437	-0,000178571	 0,002678572		
 4,544831753	-0,000178571	 0,002678572		
 4,549909592	-0,000178571	 0,002500000		
 4,554987431	-0,000178571	 0,002500000		
 4,560065746	-0,000178571	 0,002321429		
 4,565143585	-0,000178571	 0,002142857		
 4,570221901	-0,000178571	 0,002142857		
 4,575299740	-0,000178571	 0,002142857		
 4,580377579	-0,000178571	 0,002142857		
 4,585455894	-0,000178571	 0,002142857		
 4,590533733	-0,000178571	 0,002142857		
 4,595612049	-0,000178571	 0,001964286		
 4,600689888	-0,000178571	 0,001964286		
 4,605767727	-0,000178571	 0,001785714		
 4,610846043	-0,000178571	 0,001785714		
 4,615923882	-0,000357143	 0,001785714		
 4,621002197	-0,000357143	 0,001785714		
 4,626080036	-0,000357143	 0,001964286		
 4,631157875	-0,000178571	 0,001964286		
 4,636236191	-0,000357143	 0,001785714		
 4,641314030	-0,000357143	 0,001785714		
 4,646391869	-0,000357143	 0,001785714		
 4,651470184	-0,000357143	 0,001785714		
 4,656548023	-0,000357143	 0,001785714		
 4,661626339	-0,000357143	 0,001785714		
 4,666704178	-0,000357143	 0,001785714		
 4,671782017	-0,000357143	 0,001785714		
 4,676860332	-0,000357143	 0,001785714		
 4,681938171	-0,000357143	 0,001785714		
 4,687016487	-0,000357143	 0,001785714		
 4,692094326	-0,000357143	 0,001785714		
 4,697172165	-0,000357143	 0,001785714		
 4,702250481	-0,000357143	 0,001964286		
 4,707328320	-0,000357143	 0,001785714		
 4,712406635	-0,000357143	 0,001785714		
 4,717484474	-0,000357143	 0,001785714		
 4,722562313	-0,000357143	 0,001785714		
 4,727640629	-0,000357143	 0,001785714		
 4,732718468	-0,000357143	 0,001785714		
 4,737796307	-0,000357143	 0,001785714		
 4,742874622	-0,000357143	 0,001785714		
 4,747952461	-0,000357143	 0,001785714		
 4,753030777	-0,000357143	 0,001785714		
 4,758108616	-0,000357143	 0,001785714		
 4,763186455	-0,000357143	 0,001607143		
 4,768264771	-0,000357143	 0,001607143		
 4,773342609	-0,000178571	 0,001607143		
 4,778420925	-0,000178571	 0,001607143		
 4,783498764	-0,000178571	 0,001607143		
 4,788576603	-0,000178571	 0,001607143		
 4,793654919	-0,000178571	 0,001428572		
 4,798732758	-0,000178571	 0,001428572		
 4,803811073	-0,000178571	 0,001428572		
 4,808888912	-0,000178571	 0,001428572		
 4,813966751	-0,000178571	 0,001250000		
 4,819045067	-0,000178571	 0,001428572		
 4,824122906	-0,000178571	 0,001250000		
 4,829200745	-0,000178571	 0,001250000		
 4,834279060	-0,000178571	 0,001250000		
 4,839356899	-0,000178571	 0,001071429		
 4,844435215	-0,000178571	 0,001071429		
 4,849513054	-0,000357143	 0,001071429		
 4,854590893	-0,000178571	 0,001071429		
 4,859669209	-0,000178571	 0,000892857		
 4,864747047	-0,000178571	 0,001071429		
 4,869825363	-0,000178571	 0,001071429		
 4,874903202	-0,000178571	 0,001071429		
 4,879981041	-0,000178571	 0,001071429		
 4,885059357	 0,000000000	 0,000714286		
 4,890137196	 0,000000000	 0,000892857		
 4,895215511	 0,000000000	 0,000714286		
 4,900293350	 0,000000000	 0,000714286		
 4,905371189	 0,000000000	 0,000714286		
 4,910449505	-0,000178571	 0,000714286		
 4,915527344	-0,000178571	 0,000714286		
 4,920605183	-0,000178571	 0,000714286		
 4,925683498	-0,000178571	 0,000714286		
 4,930761337	-0,000178571	 0,000892857		
 4,935839653	-0,000178571	 0,000892857		
 4,940917492	-0,000178571	 0,000892857		
 4,945995331	-0,000178571	 0,000892857		
 4,951073647	-0,000178571	 0,000892857		
 4,956151485	-0,000178571	 0,000892857		
 4,961229801	-0,000178571	 0,000892857		
 4,966307640	-0,000178571	 0,000892857		
 4,971385479	-0,000178571	 0,000714286		
 4,976463795	-0,000178571	 0,000714286		
 4,981541634	-0,000357143	 0,000714286		
 4,986619949	-0,000178571	 0,000714286		
 4,991697788	-0,000178571	 0,000892857		
 4,996775627	-0,000357143	 0,000714286		
 5,001853943	-0,000357143	 0,000892857		
 5,006931782	-0,000357143	 0,000892857		
 5,012009621	-0,000357143	 0,000892857		
 5,017087936	-0,000357143	 0,000892857		
 5,022165775	-0,000357143	 0,000714286		
 5,027244091	-0,000357143	 0,000714286		
 5,032321930	-0,000357143	 0,000714286		
 5,037399769	-0,000357143	 0,000535714		
 5,042478085	-0,000357143	 0,000535714		
 5,047555923	-0,000178571	 0,000357143		
 5,052634239	-0,000178571	 0,000357143		
 5,057712078	-0,000178571	 0,000357143		
 5,062789917	-0,000178571	 0,000357143		
 5,067868233	-0,000178571	 0,000357143		
 5,072946072	-0,000178571	 0,000357143		
 5,078024387	-0,000178571	 0,000535714		
 5,083102226	-0,000178571	 0,000357143		
 5,088180065	-0,000178571	 0,000357143		
 5,093258381	-0,000178571	 0,000357143		
 5,098336220	-0,000178571	 0,000357143		
 5,103414059	-0,000178571	 0,000357143		
 5,108492374	-0,000178571	 0,000178571		
 5,113570213	 0,000000000	 0,000178571		
 5,118648529	 0,000000000	 0,000178571		
 5,123726368	 0,000000000	 0,000178571		
 5,128804207	 0,000000000	 0,000357143		
 5,133882523	 0,000000000	 0,000357143		
 5,138960361	 0,000000000	 0,000178571		
 5,144038677	 0,000000000	 0,000178571		
 5,149116516	 0,000000000	 0,000178571		
 5,154194355	 0,000000000	-0,000000000		
 5,159272671	 0,000000000	-0,000000000		
 5,164350510	 0,000000000	-0,000000000		
 5,169428349	 0,000000000	-0,000000000		
 5,174506664	 0,000000000	-0,000000000		
 5,179584503	 0,000000000	-0,000000000		
 5,184662819	 0,000000000	-0,000000000		
 5,189740658	 0,000000000	-0,000000000		
 5,194818497	 0,000000000	-0,000000000		
 5,199896812	 0,000000000	-0,000000000		
 5,204974651	 0,000000000	 0,000178571		
 5,210052967	 0,000000000	 0,000178571		
 5,215130806	 0,000000000	-0,000000000		
 5,220208645	-0,000178571	-0,000000000		
 5,225286961	 0,000000000	-0,000000000		
 5,230364799	-0,000178571	-0,000000000		
 5,235443115	-0,000178571	-0,000000000		
 5,240520954	-0,000178571	-0,000000000		
 5,245598793	-0,000178571	-0,000000000		
 5,250677109	-0,000178571	-0,000000000		
 5,255754948	-0,000178571	-0,000178571		
 5,260832787	 0,000000000	-0,000178571		
 5,265911102	-0,000178571	-0,000178571		
 5,270988941	-0,000178571	-0,000000000		
 5,276067257	-0,000178571	-0,000000000		
 5,281145096	-0,000178571	-0,000178571		
 5,286222935	-0,000178571	-0,000178571		
 5,291301250	-0,000178571	-0,000178571		
 5,296379089	 0,000000000	-0,000178571		
 5,301457405	-0,000178571	-0,000178571		
 5,306535244	-0,000178571	-0,000178571		
 5,311613083	-0,000178571	-0,000178571		
 5,316691399	-0,000178571	-0,000178571		
 5,321769238	-0,000178571	-0,000178571		
 5,326847553	 0,000000000	-0,000178571		
 5,331925392	 0,000000000	-0,000357143		
 5,337003231	 0,000000000	-0,000357143		
 5,342081547	 0,000000000	-0,000357143		
 5,347159386	 0,000000000	-0,000357143		
 5,352237225	 0,000000000	-0,000357143		
 5,357315540	 0,000000000	-0,000357143		
 5,362393379	 0,000000000	-0,000357143		
 5,367471695	 0,000000000	-0,000357143		
 5,372549534	 0,000000000	-0,000357143		
 5,377627373	 0,000000000	-0,000357143		
 5,382705688	 0,000000000	-0,000357143		
 5,387783527	 0,000000000	-0,000535714		
 5,392861843	 0,000000000	-0,000535714		
 5,397939682	 0,000000000	-0,000535714		
 5,403017521	 0,000000000	-0,000535714		
 5,408095837	 0,000000000	-0,000535714		
 5,413173676	 0,000000000	-0,000535714		
 5,418251991	 0,000000000	-0,000535714		
 5,423329830	 0,000000000	-0,000535714		
 5,428407669	 0,000000000	-0,000535714		
 5,433485985	 0,000000000	-0,000535714		
 5,438563824	 0,000000000	-0,000535714		
 5,443641663	 0,000000000	-0,000535714		
 5,448719978	 0,000000000	-0,000535714		
 5,453797817	 0,000000000	-0,000535714		
 5,458876133	 0,000000000	-0,000535714		
 5,463953972	 0,000000000	-0,000535714		
 5,469031811	 0,000000000	-0,000535714		
 5,474110126	 0,000000000	-0,000535714		
 5,479187965	 0,000000000	-0,000535714		
 5,484266281	 0,000000000	-0,000535714		
 5,489344120	 0,000000000	-0,000535714		
 5,494421959	 0,000000000	-0,000535714		
 5,499500275	 0,000000000	-0,000535714		
 5,504578114	 0,000000000	-0,000535714		
 5,509656429	 0,000000000	-0,000535714		
 5,514734268	 0,000000000	-0,000357143		
 5,519812107	 0,000000000	-0,000535714		
 5,524890423	 0,000000000	-0,000357143		
 5,529968262	 0,000000000	-0,000535714		
 5,535046101	 0,000000000	-0,000535714		
 5,540124416	 0,000000000	-0,000535714		
 5,545202255	 0,000000000	-0,000535714		
 5,550280571	 0,000000000	-0,000535714		
 5,555358410	 0,000000000	-0,000535714		
 5,560436249	 0,000000000	-0,000535714		
 5,565514565	 0,000000000	-0,000535714		
 5,570592403	 0,000000000	-0,000357143		
 5,575670719	 0,000178571	-0,000357143		
 5,580748558	 0,000000000	-0,000357143		
 5,585826397	 0,000000000	-0,000357143		
 5,590904713	 0,000000000	-0,000178571		
 5,595982552	 0,000000000	-0,000357143		
 5,601060867	 0,000178571	-0,000357143		
 5,606138706	 0,000178571	-0,000357143		
 5,611216545	 0,000178571	-0,000357143		
 5,616294861	 0,000178571	-0,000357143		
 5,621372700	 0,000178571	-0,000357143		
 5,626450539	 0,000178571	-0,000357143		
 5,631528854	 0,000178571	-0,000357143		
 5,636606693	 0,000178571	-0,000357143		
 5,641685009	 0,000178571	-0,000357143		
 5,646762848	 0,000178571	-0,000357143		
 5,651840687	 0,000178571	-0,000357143		
 5,656919003	 0,000178571	-0,000357143		
 5,661996841	 0,000357143	-0,000357143		
 5,667075157	 0,000357143	-0,000178571		
 5,672152996	 0,000357143	-0,000357143		
 5,677230835	 0,000357143	-0,000357143		
 5,682309151	 0,000357143	-0,000357143		
 5,687386990	 0,000357143	-0,000357143		
 5,692465305	 0,000357143	-0,000357143		
 5,697543144	 0,000357143	-0,000357143		
 5,702620983	 0,000357143	-0,000357143		
 5,707699299	 0,000357143	-0,000357143		
 5,712777138	 0,000357143	-0,000357143		
 5,717854977	 0,000357143	-0,000357143		
 5,722933292	 0,000357143	-0,000357143		
 5,728011131	 0,000357143	-0,000178571		
 5,733089447	 0,000357143	-0,000000000		
 5,738167286	 0,000357143	-0,000178571		
 5,743245125	 0,000357143	-0,000178571		
 5,748323441	 0,000357143	-0,000000000		
 5,753401279	 0,000357143	-0,000000000		
 5,758479595	 0,000357143	-0,000000000		
 5,763557434	 0,000357143	-0,000000000		
 5,768635273	 0,000357143	-0,000000000		
 5,773713589	 0,000357143	-0,000000000		
 5,778791428	 0,000357143	-0,000000000		
 5,783869743	 0,000357143	 0,000178571		
 5,788947582	 0,000357143	 0,000178571		
 5,794025421	 0,000357143	 0,000178571		
 5,799103737	 0,000357143	 0,000178571		
 5,804181576	 0,000357143	 0,000178571		
 5,809259415	 0,000357143	 0,000178571		
 5,814337730	 0,000357143	 0,000357143		
 5,819415569	 0,000357143	 0,000535714		
 5,824493885	 0,000357143	 0,000357143		
 5,829571724	 0,000357143	 0,000357143		
 5,834649563	 0,000357143	 0,000357143		
 5,839727879	 0,000357143	 0,000535714		
 5,844805717	 0,000357143	 0,000535714		
 5,849884033	 0,000357143	 0,000535714		
 5,854961872	 0,000357143	 0,000535714		
 5,860039711	 0,000357143	 0,000535714		
 5,865118027	 0,000357143	 0,000535714		
 5,870195866	 0,000357143	 0,000535714		
 5,875274181	 0,000357143	 0,000535714		
 5,880352020	 0,000357143	 0,000535714		
 5,885429859	 0,000357143	 0,000535714		
 5,890508175	 0,000357143	 0,000535714		
 5,895586014	 0,000357143	 0,000714286		
 5,900663853	 0,000357143	 0,000714286		
 5,905742168	 0,000357143	 0,000714286		
 5,910820007	 0,000357143	 0,000714286		
 5,915898323	 0,000357143	 0,000714286		
 5,920976162	 0,000357143	 0,000892857		
 5,926054001	 0,000357143	 0,000714286		
 5,931132317	 0,000178571	 0,000892857		
 5,936210155	 0,000178571	 0,000892857		
 5,941288471	 0,000178571	 0,000892857		
 5,946366310	 0,000178571	 0,000892857		
 5,951444149	 0,000178571	 0,000714286		
 5,956522465	 0,000178571	 0,000714286		
 5,961600304	 0,000178571	 0,000714286		
 5,966678143	 0,000178571	 0,000714286		
 5,971756458	 0,000178571	 0,000714286		
 5,976834297	 0,000178571	 0,000714286		
 5,981912613	 0,000178571	 0,000714286		
 5,986990452	 0,000000000	 0,000714286		
 5,992068291	 0,000000000	 0,000714286		
 5,997146606	 0,000000000	 0,000714286		
 6,002224445	 0,000000000	 0,000714286		
 6,007302761	 0,000000000	 0,000714286		
 6,012380600	 0,000000000	 0,000714286		
 6,017458439	 0,000000000	 0,000892857		
 6,022536755	 0,000000000	 0,000892857		
 6,027614594	-0,000178571	 0,000892857		
 6,032692909	-0,000178571	 0,000714286		
 6,037770748	-0,000178571	 0,000714286		
 6,042848587	-0,000178571	 0,000714286		
 6,047926903	-0,000178571	 0,000714286		
 6,053004742	-0,000178571	 0,000714286		
 6,058082581	-0,000178571	 0,000714286		
 6,063160896	-0,000178571	 0,000714286		
 6,068238735	-0,000178571	 0,000714286		
 6,073317051	-0,000178571	 0,000714286		
 6,078394890	-0,000178571	 0,000714286		
 6,083472729	-0,000357143	 0,000714286		
 6,088551044	-0,000178571	 0,000714286		
 6,093628883	-0,000357143	 0,000714286		
 6,098707199	-0,000357143	 0,000535714		
 6,103785038	-0,000178571	 0,000535714		
 6,108862877	-0,000357143	 0,000535714		
 6,113941193	-0,000357143	 0,000535714		
 6,119019032	-0,000357143	 0,000535714		
 6,124097347	-0,000357143	 0,000535714		
 6,129175186	-0,000357143	 0,000535714		
 6,134253025	-0,000357143	 0,000357143		
 6,139331341	-0,000357143	 0,000357143		
 6,144409180	-0,000357143	 0,000357143		
 6,149487019	-0,000357143	 0,000357143		
 6,154565334	-0,000357143	 0,000357143		
 6,159643173	-0,000357143	 0,000178571		
 6,164721489	-0,000357143	 0,000178571		
 6,169799328	-0,000357143	 0,000178571		
 6,174877167	-0,000357143	 0,000178571		
 6,179955482	-0,000357143	-0,000000000		
 6,185033321	-0,000357143	-0,000000000		
 6,190111637	-0,000357143	-0,000178571		
 6,195189476	-0,000357143	-0,000178571		
 6,200267315	-0,000357143	-0,000178571		
 6,205345631	-0,000357143	-0,000178571		
 6,210423470	-0,000357143	-0,000178571		
 6,215501785	-0,000357143	-0,000178571		
 6,220579624	-0,000357143	-0,000357143		
 6,225657463	-0,000178571	-0,000357143		
 6,230735779	-0,000178571	-0,000357143		
 6,235813618	-0,000178571	-0,000357143		
 6,240891457	-0,000178571	-0,000357143		
 6,245969772	-0,000178571	-0,000535714		
 6,251047611	-0,000178571	-0,000535714		
 6,256125927	-0,000178571	-0,000535714		
 6,261203766	-0,000178571	-0,000535714		
 6,266281605	-0,000178571	-0,000535714		
 6,271359921	-0,000178571	-0,000535714		
 6,276437759	-0,000178571	-0,000535714		
 6,281516075	-0,000178571	-0,000535714		
 6,286593914	-0,000178571	-0,000535714		
 6,291671753	-0,000178571	-0,000714286		
 6,296750069	-0,000178571	-0,000714286		
 6,301827908	-0,000357143	-0,000714286		
 6,306906223	-0,000178571	-0,000714286		
 6,311984062	-0,000178571	-0,000714286		
 6,317061901	-0,000178571	-0,000714286		
 6,322140217	-0,000178571	-0,000714286		
 6,327218056	-0,000178571	-0,000714286		
 6,332295895	-0,000178571	-0,000714286		
 6,337374210	-0,000178571	-0,000714286		
 6,342452049	-0,000178571	-0,000714286		
 6,347530365	-0,000178571	-0,000714286		
 6,352608204	 0,000000000	-0,000714286		
 6,357686043	 0,000000000	-0,000535714		
 6,362764359	 0,000000000	-0,000535714		
 6,367842197	 0,000000000	-0,000535714		
 6,372920513	 0,000000000	-0,000535714		
 6,377998352	 0,000000000	-0,000535714		
 6,383076191	 0,000000000	-0,000535714		
 6,388154507	 0,000000000	-0,000535714		
 6,393232346	 0,000178571	-0,000535714		
 6,398310661	 0,000178571	-0,000535714		
 6,403388500	 0,000178571	-0,000357143		
 6,408466339	 0,000178571	-0,000714286		
 6,413544655	 0,000178571	-0,000357143		
 6,418622494	 0,000178571	-0,000535714		
 6,423700333	 0,000178571	-0,000535714		
 6,428778648	 0,000178571	-0,000535714		
 6,433856487	 0,000357143	-0,000357143		
 6,438934803	 0,000357143	-0,000535714		
 6,444012642	 0,000357143	-0,000535714		
 6,449090481	 0,000357143	-0,000535714		
 6,454168797	 0,000357143	-0,000535714		
 6,459246635	 0,000357143	-0,000535714		
 6,464324951	 0,000357143	-0,000535714		
 6,469402790	 0,000357143	-0,000535714		
 6,474480629	 0,000357143	-0,000535714		
 6,479558945	 0,000357143	-0,000535714		
 6,484636784	 0,000357143	-0,000535714		
 6,489715099	 0,000357143	-0,000535714		
 6,494792938	 0,000535714	-0,000535714		
 6,499870777	 0,000535714	-0,000357143		
 6,504949093	 0,000535714	-0,000357143		
 6,510026932	 0,000535714	-0,000357143		
 6,515104771	 0,000535714	-0,000357143		
 6,520183086	 0,000535714	-0,000357143		
 6,525260925	 0,000535714	-0,000357143		
 6,530339241	 0,000535714	-0,000357143		
 6,535417080	 0,000535714	-0,000357143		
 6,540494919	 0,000535714	-0,000178571		
 6,545573235	 0,000535714	-0,000000000		
 6,550651073	 0,000535714	-0,000178571		
 6,555729389	 0,000535714	-0,000178571		
 6,560807228	 0,000535714	-0,000178571		
 6,565885067	 0,000535714	-0,000000000		
 6,570963383	 0,000535714	-0,000000000		
 6,576041222	 0,000535714	-0,000000000		
 6,581119537	 0,000535714	-0,000000000		
 6,586197376	 0,000535714	 0,000178571		
 6,591275215	 0,000535714	 0,000178571		
 6,596353531	 0,000535714	 0,000178571		
 6,601431370	 0,000535714	 0,000357143		
 6,606509209	 0,000535714	 0,000357143		
 6,611587524	 0,000535714	 0,000357143		
 6,616665363	 0,000535714	 0,000357143		
 6,621743679	 0,000535714	 0,000357143		
 6,626821518	 0,000535714	 0,000357143		
 6,631899357	 0,000535714	 0,000535714		
 6,636977673	 0,000535714	 0,000535714		
 6,642055511	 0,000535714	 0,000535714		
 6,647133827	 0,000535714	 0,000714286		
 6,652211666	 0,000535714	 0,000714286		
 6,657289505	 0,000535714	 0,000714286		
 6,662367821	 0,000535714	 0,000714286		
 6,667445660	 0,000357143	 0,000714286		
 6,672523499	 0,000357143	 0,000714286		
 6,677601814	 0,000357143	 0,000714286		
 6,682679653	 0,000357143	 0,000714286		
 6,687757969	 0,000357143	 0,000714286		
 6,692835808	 0,000357143	 0,000892857		
 6,697913647	 0,000357143	 0,000892857		
 6,702991962	 0,000357143	 0,000892857		
 6,708069801	 0,000178571	 0,000892857		
 6,713148117	 0,000178571	 0,000892857		
 6,718225956	 0,000178571	 0,000892857		
 6,723303795	 0,000178571	 0,000892857		
 6,728382111	 0,000178571	 0,001071429		
 6,733459949	 0,000178571	 0,000892857		
 6,738538265	 0,000178571	 0,000892857		
 6,743616104	 0,000178571	 0,000892857		
 6,748693943	 0,000178571	 0,000714286		
 6,753772259	 0,000000000	 0,000714286		
 6,758850098	 0,000000000	 0,000892857		
 6,763927937	 0,000000000	 0,000892857		
 6,769006252	-0,000178571	 0,000892857		
 6,774084091	-0,000178571	 0,000892857		
 6,779162407	-0,000178571	 0,000714286		
 6,784240246	-0,000178571	 0,000892857		
 6,789318085	-0,000357143	 0,000892857		
 6,794396400	-0,000178571	 0,000892857		
 6,799474239	-0,000178571	 0,000892857		
 6,804552555	-0,000178571	 0,000714286		
 6,809630394	-0,000357143	 0,000714286		
 6,814708233	-0,000357143	 0,000714286		
 6,819786549	-0,000357143	 0,000714286		
 6,824864388	-0,000357143	 0,000714286		
 6,829942703	-0,000357143	 0,000714286		
 6,835020542	-0,000357143	 0,000714286		
 6,840098381	-0,000535714	 0,000714286		
 6,845176697	-0,000535714	 0,000535714		
 6,850254536	-0,000535714	 0,000535714		
 6,855332375	-0,000535714	 0,000535714		
 6,860410690	-0,000535714	 0,000535714		
 6,865488529	-0,000535714	 0,000535714		
 6,870566845	-0,000535714	 0,000535714		
 6,875644684	-0,000535714	 0,000535714		
 6,880722523	-0,000535714	 0,000357143		
 6,885800838	-0,000535714	 0,000357143		
 6,890878677	-0,000535714	 0,000357143		
 6,895956993	-0,000535714	 0,000357143		
 6,901034832	-0,000714286	 0,000357143		
 6,906112671	-0,000714286	 0,000357143		
 6,911190987	-0,000714286	 0,000357143		
 6,916268826	-0,000714286	 0,000357143		
 6,921347141	-0,000714286	 0,000178571		
 6,926424980	-0,000714286	 0,000178571		
 6,931502819	-0,000714286	 0,000178571		
 6,936581135	-0,000714286	-0,000000000		
 6,941658974	-0,000714286	-0,000000000		
 6,946736813	-0,000714286	-0,000000000		
 6,951815128	-0,000714286	-0,000000000		
 6,956892967	-0,000714286	-0,000000000		
 6,961971283	-0,000892857	-0,000000000		
 6,967049122	-0,000892857	-0,000000000		
 6,972126961	-0,000892857	-0,000000000		
 6,977205276	-0,000892857	-0,000000000		
 6,982283115	-0,000892857	 0,000178571		
 6,987361431	-0,000892857	 0,000178571		
 6,992439270	-0,000892857	 0,000178571		
 6,997517109	-0,000892857	 0,000178571		
 7,002595425	-0,000892857	-0,000000000		
 7,007673264	-0,001071429	 0,000178571		
 7,012751579	-0,001071429	 0,000357143		
 7,017829418	-0,001071429	 0,000357143		
 7,022907257	-0,001071429	 0,000535714		
 7,027985573	-0,001250000	 0,000535714		
 7,033063412	-0,001250000	 0,000714286		
 7,038141251	-0,001250000	 0,000714286		
 7,043219566	-0,001428571	 0,000714286		
 7,048297405	-0,001428571	 0,000892857		
 7,053375721	-0,001607143	 0,000892857		
 7,058453560	-0,001607143	 0,001071429		
 7,063531399	-0,001785714	 0,001250000		
 7,068609715	-0,001964286	 0,001428572		
 7,073687553	-0,002142857	 0,001607143		
 7,078765869	-0,002321429	 0,001785714		
 7,083843708	-0,002500000	 0,002142857		
 7,088921547	-0,002678572	 0,002321429		
 7,093999863	-0,002857143	 0,002500000		
 7,099077702	-0,003035714	 0,002678572		
 7,104156017	-0,003392857	 0,003035714		
 7,109233856	-0,003571429	 0,003392857		
 7,114311695	-0,003750000	 0,003750000		
 7,119390011	-0,004107143	 0,003928571		
 7,124467850	-0,004464286	 0,004464286		
 7,129545689	-0,004821429	 0,004821429		
 7,134624004	-0,005178572	 0,005178572		
 7,139701843	-0,005535714	 0,005535714		
 7,144780159	-0,005892857	 0,006071429		
 7,149857998	-0,006428571	 0,006607143		
 7,154935837	-0,006785715	 0,007142858		
 7,160014153	-0,007321429	 0,007857143		
 7,165091991	-0,007857143	 0,008392857		
 7,170170307	-0,008214286	 0,009107144		
 7,175248146	-0,008750000	 0,009821429		
 7,180325985	-0,009285714	 0,010535715		
 7,190482140	-0,010357143	 0,012500000		
 7,210794449	-0,012857143	 0,018214287		
 7,215872288	-0,013392857	 0,018571429		
 7,220950127	-0,013928572	 0,018214287		
 7,231106281	-0,014642857	 0,016607143		
 7,241262436	-0,015357143	 0,018214287		
 7,246340275	-0,015535714	 0,018214287		
 7,261574745	-0,015178571	 0,023571430		
 7,271730423	-0,013928572	 0,026785716		
 7,276808739	-0,011964286	 0,027321430		
 7,281886578	-0,010892857	 0,028035715		
 7,363134861	 0,018392857	 0,025000000		
 7,368213177	 0,018571429	 0,024285715		
 7,373291016	 0,017857144	 0,021964287		
 7,383447170	 0,016964287	 0,018928573		
 7,388525009	 0,015892858	 0,017500000		
 7,393603325	 0,014821429	 0,015714286		
 7,398681164	 0,013392857	 0,014285715		
 7,403759003	 0,011785715	 0,013214286		
 7,408837318	 0,010714286	 0,011607143		
 7,413915157	 0,009464286	 0,009821429		
 7,418993473	 0,007857143	 0,008392857		
 7,424071312	 0,006964286	 0,006964286		
 7,429149151	 0,005714286	 0,005714286		
 7,449461460	 0,002678572	 0,003571429		
 7,454539299	 0,002142857	 0,004464286		
 7,495163441	-0,000178571	 0,020535715		
 7,500241756	-0,000535714	 0,020892859		
 7,540865898	-0,001428571	 0,005714286		
 7,545943737	-0,002142857	 0,004642857		
 7,586567879	-0,008928572	 0,005535714		
 7,591646194	-0,010000000	 0,006607143		
 7,596724033	-0,010892857	 0,008392857		
 7,601802349	-0,011785715	 0,010000001		
 7,611958027	-0,013571429	 0,013750001		
 7,617036343	-0,014285714	 0,015000001		
 7,637348175	-0,015000001	 0,021071430		
 7,642426491	-0,016249999	 0,020178573		
 7,703362465	-0,002321429	 0,025892859		
 7,708440781	-0,001428571	 0,024464287		
 7,713518620	-0,000357143	 0,022500001		
 7,718596935	 0,000892857	 0,021071430		
 7,723674774	 0,002142857	 0,018928573		
 7,728752613	 0,002857143	 0,015892858		
 7,733830929	 0,003750000	 0,013214286		
 7,738908768	 0,004464286	 0,010000001		
 7,743986607	 0,005357143	 0,008214287		
 7,749064922	 0,006428571	 0,007500000		
 7,810001373	 0,012678572	 0,024107143		
 7,815079212	 0,012142858	 0,023571430		
 7,850625515	 0,004821429	 0,002142857		
 7,855703354	 0,004107143	 0,001428572		
 7,860781193	 0,003392857	 0,000714286		
 7,865859509	 0,002678572	 0,001250000		
 7,870937347	 0,002142857	 0,002500000		
 7,876015663	 0,001785714	 0,004464286		
 7,881093502	 0,001428571	 0,006607143		
 7,886171341	 0,001250000	 0,009107144		
 7,891249657	 0,001071429	 0,011607143		
 7,896327496	 0,000714286	 0,013750001		
 7,901405811	 0,000357143	 0,016785715		
 7,911561489	 0,000000000	 0,020714287		
 7,952185631	-0,001071429	 0,011785715		
 7,957263947	-0,000892857	 0,010357143		
 7,992810249	 0,000357143	 0,010714286		
 7,997888088	 0,000178571	 0,011071429		
 8,013122559	-0,003035714	 0,013571429		
 8,018199921	-0,004107143	 0,014642858		
 8,023278236	-0,005178572	 0,015178572		
 8,028356552	-0,006428571	 0,015892858		
 8,033433914	-0,007142857	 0,016071429		
 8,038512230	-0,007678572	 0,016071429		
 8,043590546	-0,008035715	 0,015714286		
 8,048667908	-0,008392857	 0,015178572		
 8,053746223	-0,008571428	 0,014107144		
 8,058824539	-0,009107143	 0,012500000		
 8,063901901	-0,009107143	 0,010714286		
 8,074058533	-0,009642857	 0,009107144		
 8,124838829	-0,006428571	 0,026071429		
 8,145151138	-0,005000000	 0,023571430		
 8,150228500	-0,005357143	 0,022678573		
 8,160385132	-0,003571429	 0,022857144		
 8,190853119	 0,001785714	 0,011785715		
 8,195931435	 0,002857143	 0,012142858		
 8,201008797	 0,003392857	 0,013035715		
 8,211165428	 0,004107143	 0,015892858		
 8,231476784	 0,004642857	 0,028214287		
 8,236555099	 0,005000000	 0,029821429		
 8,287335396	 0,005357143	 0,013928572		
 8,292413712	 0,005178572	 0,011964287		
 8,297491074	 0,004821429	 0,010357143		
 8,327960014	 0,003214286	 0,005714286		
 8,348271370	 0,002678572	 0,007500000		
 8,353349686	 0,002321429	 0,008571429		
 8,358428001	 0,001964286	 0,010000001		
 8,363505363	 0,001785714	 0,011607143		
 8,368583679	 0,001428571	 0,013571429		
 8,404129982	 0,001250000	 0,012857144		
 8,419363976	 0,001250000	 0,008392857		
 8,424442291	 0,001250000	 0,007500000		
 8,429519653	 0,001250000	 0,007321429		
 8,434597969	 0,001250000	 0,007321429		
 8,439676285	 0,001071429	 0,007678572		
 8,444754601	 0,000892857	 0,008214287		
 8,449831963	 0,000714286	 0,008214287		
 8,485378265	-0,001607143	 0,009464286		
 8,490456581	-0,002142857	 0,009285714		
 8,495533943	-0,002500000	 0,009107144		
 8,500612259	-0,002857143	 0,009285714		
 8,505690575	-0,003214286	 0,009821429		
 8,510768890	-0,003750000	 0,010178572		
 8,515846252	-0,004107143	 0,010357143		
 8,520924568	-0,004642857	 0,010892858		
 8,526002884	-0,005000000	 0,011428572		
 8,531080246	-0,005535714	 0,011964287		
 8,536158562	-0,005892857	 0,012500000		
 8,541236877	-0,006250000	 0,012857144		
 8,546314240	-0,006607143	 0,013750001		
 8,551392555	-0,006785715	 0,014821430		
 8,607251167	-0,006250000	 0,021428572		
 8,612328529	-0,006071429	 0,020535715		
 8,617406845	-0,005714286	 0,019642858		
 8,622485161	-0,005357143	 0,019285716		
 8,632640839	-0,004642857	 0,019642858		
 8,637719154	-0,004107143	 0,019821430		
 8,658031464	-0,001607143	 0,020357143		
 8,663108826	-0,001071429	 0,018928573		
 8,673265457	-0,000178571	 0,015714286		
 8,678342819	 0,000357143	 0,013928572		
 8,683421135	 0,000892857	 0,013392858		
 8,744358063	 0,006785715	 0,022857144		
 8,749435425	 0,006785715	 0,024285715		
 8,759592056	 0,006607143	 0,025535716		
 8,784981728	 0,005000000	 0,011428572		
 8,795137405	 0,004464286	 0,006785715		
 8,800215721	 0,004107143	 0,005178572		
 8,805294037	 0,003750000	 0,003750000		
 8,810372353	 0,003392857	 0,002500000		
 8,815449715	 0,003035714	 0,001964286		
 8,840840340	 0,001785714	 0,004642857		
 8,845917702	 0,001785714	 0,006250000		
 8,850996017	 0,001785714	 0,008035715		
 8,856074333	 0,002142857	 0,009464286		
 8,861151695	 0,002142857	 0,010892858		
 8,911931992	 0,001428571	 0,007500000		
 8,917010307	 0,001250000	 0,006785715		
 8,922088623	 0,000892857	 0,006607143		
 8,927165985	 0,000714286	 0,006250000		
 8,977946281	-0,002500000	 0,004464286		
 8,988102913	-0,003035714	 0,005000000		
 8,993181229	-0,003214286	 0,005714286		
 8,998258591	-0,003750000	 0,006964286		
 9,013492584	-0,005000000	 0,011428572		
 9,018570900	-0,005178572	 0,012321429		
 9,023649216	-0,005892857	 0,012857144		
 9,049038887	-0,007678572	 0,012857144		
 9,104897499	-0,006250000	 0,020178573		
 9,109974861	-0,006250000	 0,020714287		
 9,115053177	-0,005892857	 0,021785716		
 9,135365486	-0,003571429	 0,023214286		
 9,140443802	-0,003035714	 0,021785716		
 9,145521164	-0,001607143	 0,021250000		
 9,150599480	-0,001071429	 0,020000001		
 9,155677795	-0,000357143	 0,018750001		
 9,165833473	 0,001964286	 0,016250001		
 9,175990105	 0,002857143	 0,013214286		
 9,181067467	 0,003392857	 0,012142858		
 9,186145782	 0,003928571	 0,011250000		
 9,191224098	 0,004107143	 0,011250000		
 9,196301460	 0,003928571	 0,010892858		
 9,236926079	 0,008750000	 0,019642858		
 9,242004395	 0,008750000	 0,021428572		
 9,247081757	 0,008571428	 0,023392858		
 9,252160072	 0,008392857	 0,023571430		
 9,282628059	 0,004821429	 0,007857143		
 9,287706375	 0,004464286	 0,005714286		
 9,328330040	 0,001607143	 0,001964286		
 9,333408356	 0,001250000	 0,003571429		
 9,338486671	 0,000535714	 0,005178572		
 9,394344330	-0,001071429	 0,008571429		
 9,404500961	-0,000714286	 0,006428572		
 9,409578323	-0,000714286	 0,006071429		
 9,414656639	-0,000714286	 0,005357143		
 9,419734955	-0,001071429	 0,004821429		
 9,424813271	-0,001071429	 0,004642857		
 9,440047264	-0,001964286	 0,004464286		
 9,465436935	-0,003214286	 0,005892857		
 9,470515251	-0,003392857	 0,006250000		
 9,475592613	-0,003928571	 0,006964286		
 9,480670929	-0,003928571	 0,007678572		
 9,485749245	-0,004107143	 0,008035715		
 9,490827560	-0,004464286	 0,009107144		
 9,495904922	-0,004642857	 0,010178572		
 9,500983238	-0,005000000	 0,011250000		
 9,506061554	-0,005178572	 0,011785715		
 9,511138916	-0,005178572	 0,012321429		
 9,516217232	-0,005535714	 0,013035715		
 9,541607857	-0,005892857	 0,013214286		
 9,582231522	-0,001428571	 0,019285716		
 9,612699509	-0,000357143	 0,019464286		
 9,617777824	-0,000178571	 0,018750001		
 9,622856140	 0,000357143	 0,017857144		
 9,627933502	 0,000892857	 0,016785715		
 9,638090134	 0,001964286	 0,013750001		
 9,643167496	 0,002321429	 0,012500000		
 9,648245811	 0,002321429	 0,011785715		
 9,653324127	 0,002857143	 0,011964287		
 9,658401489	 0,002678572	 0,011785715		
 9,668558121	 0,003035714	 0,011785715		
 9,673636436	 0,002857143	 0,013392858		
 9,678713799	 0,002857143	 0,014464286		
 9,688870430	 0,003214286	 0,013928572		
 9,709181786	 0,003750000	 0,014107144		
 9,714260101	 0,003928571	 0,014107144		
 9,719338417	 0,003750000	 0,014464286		
 9,724415779	 0,003928571	 0,015000001		
 9,734572411	 0,003928571	 0,015178572		
 9,739650726	 0,003928571	 0,014464286		
 9,744728088	 0,003928571	 0,013571429		
 9,749806404	 0,003750000	 0,011964287		
 9,754884720	 0,003571429	 0,010535715		
 9,759962082	 0,003214286	 0,009107144		
 9,765040398	 0,003035714	 0,008035715		
 9,790431023	 0,000892857	 0,005535714		
 9,795508385	 0,000535714	 0,005714286		
 9,800586700	 0,000357143	 0,005892857		
 9,805665016	 0,000000000	 0,005892857		
 9,810742378	-0,000178571	 0,006250000		
 9,815820694	-0,000535714	 0,006964286		
 9,820899010	-0,000892857	 0,007857143		
 9,825976372	-0,001250000	 0,008392857		
 9,831054688	-0,001428571	 0,008928572		
 9,836133003	-0,001607143	 0,009107144		
 9,841210365	-0,001607143	 0,009464286		
 9,846288681	-0,001607143	 0,009285714		
 9,851366997	-0,001428571	 0,009285714		
 9,856445313	-0,001071429	 0,009107144		
 9,861522675	-0,000892857	 0,008928572		
 9,866600990	-0,000714286	 0,008750000		
 9,871679306	-0,000535714	 0,008928572		
 9,876756668	-0,000535714	 0,008928572		
 9,881834984	-0,000357143	 0,009107144		
 9,886913300	-0,000357143	 0,008928572		
 9,891990662	 0,000000000	 0,008928572		
 9,897068977	 0,000000000	 0,008750000		
 9,902147293	 0,000178571	 0,008392857		
 9,907224655	 0,000357143	 0,008392857		
 9,912302971	 0,000357143	 0,008392857		
 9,917381287	 0,000535714	 0,007678572		
 9,922459602	 0,000535714	 0,007500000		
 9,927536964	 0,000535714	 0,006964286		
 9,932615280	 0,000357143	 0,006428572		
 9,937693596	 0,000357143	 0,006071429		
 9,942770958	 0,000178571	 0,005714286		
 9,968161583	-0,000357143	 0,005000000		
 9,973239899	-0,000357143	 0,005357143		
 9,978317261	-0,000892857	 0,005892857		
 9,983395576	-0,001071429	 0,006250000		
				
				
				
				
				
				
				
				
				
				
				
				
				
				
				
				
				
				
				
				
				
				
				
				
				
				
				
				
				
				
				
				
				
				
				
				
				
				
				
				
				
				
				
				
				
				
				
				
				
				
				
				
				
				
				
				
				
				
				
				
				
				
				
				
				
				
				
				
				
				
				
				
				
				
				
				
				
				
				
				
				
				
				
				
				
				
				
				
				
				
				
				
				
				
				
				
				
				
				
				
				
				
				
				
				
				
				
				
				
				
				
				
				
				
				
				
				
				
				
				
				
				
				
				
				
				
				
				
				
				
				
				
				
				
				
				
				
				
				
				
				
				
				
				
				
				
				
				
				
				
				
				
				
				
				
				
				
				
				
				
				
				
				
				
				
				
				
				
				
				
				
				
				
				
				
				
				
				
				
				
				
				
				
				
				
				
				
				
				
				
				
				
				
				
				
				
				
				
				
				
				
				
				
				
				
				
				
				
				
				
				
				
				
				
				
				
				
				
				
				
				
				
				
				
				
				
				
				
				
				
				
				
				
				
				
				
				
				
				
				
				
				
				
				
				
				
				
				
				
				
				
				
				
				
				
				
				
				
				
				
				
				
				
				
				
				
				
				
				
				
				
				
				
				
				
				
				
				
				
				
				
				
				
				
				
				
				
				
				
				
				
				
				
				
				
				
				
				 